4147.89 2.42521e+12 2.42521e+12 2.42521e+12 2.42521e+12
4147.94 9.30749e+11 3.76459e+11 1.48433e+12 2.42521e+12
4147.99 6.71673e+11 9.30731e+10 1.48433e+12 2.42521e+12
4148.04 4.54359e+11 9.28e+10 2.35994e+12 2.42521e+12
4148.09 4.54359e+11 3.35124e+10 2.35994e+12 2.42521e+12
4148.12 3.97847e+11 3.35124e+10 2.35994e+12 2.42521e+12
4148.17 3.23618e+11 3.35124e+10 2.35994e+12 2.42521e+12
4148.22 3.23618e+11 3.22407e+10 2.35994e+12 2.42521e+12
4148.28 2.43648e+11 3.22407e+10 2.35994e+12 2.42521e+12
4148.31 2.43648e+11 1.91806e+10 2.35994e+12 2.42521e+12
4148.36 2.43648e+11 1.91806e+10 2.35994e+12 2.42521e+12
4148.38 2.43648e+11 1.91806e+10 2.35994e+12 2.42521e+12
4148.42 2.43648e+11 1.91806e+10 2.35994e+12 2.42521e+12
4148.44 2.43648e+11 1.42673e+10 2.35994e+12 2.42521e+12
4148.52 2.29549e+11 1.42673e+10 2.35994e+12 2.42521e+12
4148.53 2.29549e+11 1.42673e+10 2.35994e+12 2.42521e+12
4148.57 2.29549e+11 1.42673e+10 2.35994e+12 2.42521e+12
4148.57 2.29549e+11 1.42673e+10 2.35994e+12 2.42521e+12
4148.66 2.29549e+11 1.42673e+10 2.35994e+12 2.42521e+12
4148.67 2.29549e+11 1.42673e+10 2.35994e+12 2.42521e+12
4148.73 2.29549e+11 1.42673e+10 2.35994e+12 2.42521e+12
4148.78 2.29549e+11 1.42673e+10 2.35994e+12 2.42521e+12
4148.84 2.29549e+11 1.42673e+10 2.35994e+12 2.42521e+12
4148.86 2.29549e+11 1.24643e+10 2.35994e+12 2.42521e+12
4148.88 2.29549e+11 1.24484e+10 2.35994e+12 2.42521e+12
4148.92 2.29549e+11 1.08743e+10 2.35994e+12 2.42521e+12
4148.94 2.29549e+11 1.08743e+10 2.35994e+12 2.42521e+12
4149.34 2.29549e+11 1.04919e+10 2.35994e+12 2.42521e+12
4149.44 2.19689e+11 1.04919e+10 2.35994e+12 2.42521e+12
4149.56 2.19689e+11 1.04919e+10 2.35994e+12 2.42521e+12
4149.56 2.19689e+11 1.04919e+10 2.35994e+12 2.42521e+12
4149.62 2.19688e+11 1.04919e+10 2.35994e+12 2.42521e+12
4149.63 2.19688e+11 1.04919e+10 2.35994e+12 2.42521e+12
4173.09 2.19688e+11 1.04919e+10 2.35994e+12 2.42521e+12
4173.09 2.19688e+11 1.04919e+10 2.35994e+12 2.42521e+12
4196.49 2.19688e+11 1.04919e+10 2.35994e+12 2.42521e+12
4196.52 2.19688e+11 1.04919e+10 2.35994e+12 2.42521e+12
4196.55 2.19688e+11 1.00083e+10 2.35994e+12 2.42521e+12
4196.63 1.81613e+11 1.00083e+10 2.35994e+12 2.42521e+12
4196.63 1.81613e+11 1.00083e+10 2.35994e+12 2.42521e+12
4196.63 1.81613e+11 1.00083e+10 2.35994e+12 2.42521e+12
