3196.7 9.12439e+12 9.12439e+12 9.12439e+12 9.12439e+12
3196.71 4.34203e+12 6.24954e+11 3.7497e+12 9.12439e+12
3196.71 3.95054e+12 4.85741e+11 3.7497e+12 9.12439e+12
3196.72 3.95054e+12 2.75533e+11 8.84935e+12 9.12439e+12
3196.72 3.95054e+12 2.75533e+11 8.84935e+12 9.12439e+12
3196.75 3.95054e+12 2.75533e+11 8.84935e+12 9.12439e+12
3196.76 3.95054e+12 2.67265e+11 8.84935e+12 9.12439e+12
3196.77 1.9726e+12 2.67265e+11 8.84935e+12 9.12439e+12
3196.77 1.9726e+12 1.02305e+11 8.84935e+12 9.12439e+12
3196.78 1.9726e+12 1.02305e+11 8.84935e+12 9.12439e+12
3196.79 1.87945e+12 1.02305e+11 9.01937e+12 9.12439e+12
3196.79 1.87945e+12 4.17421e+10 9.01937e+12 9.12439e+12
3196.8 9.30749e+11 4.17421e+10 9.01937e+12 9.12439e+12
3196.81 9.30749e+11 4.17421e+10 9.01937e+12 9.12439e+12
3196.83 8.40344e+11 4.17421e+10 9.01937e+12 9.12439e+12
3196.84 8.40344e+11 4.17421e+10 9.01937e+12 9.12439e+12
3196.85 8.40344e+11 4.17421e+10 9.01937e+12 9.12439e+12
3196.88 8.40344e+11 4.17421e+10 9.01937e+12 9.12439e+12
3196.88 8.40344e+11 4.04816e+10 9.01937e+12 9.12439e+12
3196.89 8.40344e+11 4.04816e+10 9.01937e+12 9.12439e+12
3196.9 8.40344e+11 4.04816e+10 9.01937e+12 9.12439e+12
3196.9 8.40344e+11 4.04816e+10 9.01937e+12 9.12439e+12
3196.91 8.40344e+11 3.68373e+10 9.01937e+12 9.12439e+12
3196.92 8.40344e+11 3.68373e+10 9.01937e+12 9.12439e+12
3196.93 8.40344e+11 3.18246e+10 9.01937e+12 9.12439e+12
3196.93 8.40344e+11 3.18246e+10 9.01937e+12 9.12439e+12
3196.96 8.40344e+11 3.18246e+10 9.01937e+12 9.12439e+12
3196.96 8.40337e+11 3.18246e+10 9.01937e+12 9.12439e+12
3196.98 8.40337e+11 3.18246e+10 9.01937e+12 9.12439e+12
3196.99 8.40337e+11 2.63985e+10 9.01937e+12 9.12439e+12
3197.02 8.40337e+11 2.63985e+10 9.01937e+12 9.12439e+12
3197.02 6.27846e+11 2.63985e+10 9.01937e+12 9.12439e+12
3197.03 6.27846e+11 2.63985e+10 9.01937e+12 9.12439e+12
3197.03 6.27846e+11 2.63985e+10 9.01937e+12 9.12439e+12
3197.04 6.27846e+11 2.25455e+10 9.01937e+12 9.12439e+12
3197.05 5.04373e+11 2.25455e+10 9.01937e+12 9.12439e+12
3197.06 5.04373e+11 2.25455e+10 9.01937e+12 9.12439e+12
3197.06 5.04373e+11 2.25455e+10 9.01937e+12 9.12439e+12
3197.08 5.04373e+11 2.25455e+10 9.01937e+12 9.12439e+12
3197.09 5.04373e+11 2.25455e+10 9.01937e+12 9.12439e+12
3197.09 5.04373e+11 2.2363e+10 9.01937e+12 9.12439e+12
