3056.98 7.33478e+13 7.33478e+13 7.33478e+13 7.33478e+13
3056.99 4.44852e+13 8.02787e+12 4.78974e+13 7.33478e+13
3056.99 3.17985e+13 5.00775e+12 4.78974e+13 7.33478e+13
3056.99 1.00051e+13 3.21401e+12 6.82865e+13 7.33478e+13
3056.99 9.12439e+12 8.1704e+11 6.82865e+13 7.33478e+13
3056.99 5.93266e+12 6.24967e+11 6.82865e+13 7.33478e+13
3057 5.93266e+12 2.95706e+11 6.82865e+13 7.33478e+13
3057 5.93266e+12 1.97534e+11 7.33121e+13 7.33478e+13
3057 5.93266e+12 1.97534e+11 7.33121e+13 7.33478e+13
3057.01 5.14417e+12 1.97534e+11 7.33121e+13 7.33478e+13
3057.01 4.34203e+12 1.97534e+11 7.33121e+13 7.33478e+13
3057.02 3.95054e+12 1.97534e+11 7.33121e+13 7.33478e+13
3057.02 3.95054e+12 1.97534e+11 7.33121e+13 7.33478e+13
3057.02 3.95054e+12 1.97534e+11 7.33121e+13 7.33478e+13
3057.03 3.95054e+12 1.97534e+11 7.33121e+13 7.33478e+13
3057.04 3.95054e+12 1.97534e+11 7.33121e+13 7.33478e+13
3057.04 3.95054e+12 6.36441e+10 7.33121e+13 7.33478e+13
3057.07 3.95054e+12 6.36441e+10 7.33121e+13 7.33478e+13
3057.08 3.95054e+12 6.36441e+10 7.33121e+13 7.33478e+13
3057.08 3.66985e+12 6.36441e+10 7.33121e+13 7.33478e+13
3057.09 2.71435e+12 6.36441e+10 7.33121e+13 7.33478e+13
3057.09 2.71435e+12 6.36441e+10 7.33121e+13 7.33478e+13
3057.1 1.9726e+12 6.36441e+10 7.33121e+13 7.33478e+13
3057.1 1.9726e+12 6.36441e+10 7.33121e+13 7.33478e+13
3057.11 1.9726e+12 6.36441e+10 7.33121e+13 7.33478e+13
3057.11 1.9726e+12 6.36441e+10 7.33121e+13 7.33478e+13
3057.12 1.9726e+12 6.36441e+10 7.33121e+13 7.33478e+13
3057.12 1.87945e+12 6.36441e+10 7.33121e+13 7.33478e+13
3057.13 1.87945e+12 4.17421e+10 7.33121e+13 7.33478e+13
3057.13 1.37727e+12 4.17421e+10 7.33121e+13 7.33478e+13
3057.14 1.27342e+12 4.17421e+10 7.33121e+13 7.33478e+13
3057.15 1.27342e+12 4.17421e+10 7.33121e+13 7.33478e+13
3057.18 1.27342e+12 4.17421e+10 7.33121e+13 7.33478e+13
3057.19 1.27342e+12 4.17421e+10 7.33121e+13 7.33478e+13
3057.19 1.27342e+12 4.17421e+10 7.33121e+13 7.33478e+13
3057.2 8.40344e+11 4.17421e+10 7.33121e+13 7.33478e+13
3057.2 8.40344e+11 4.17421e+10 7.33121e+13 7.33478e+13
3057.21 8.40344e+11 4.17421e+10 7.33121e+13 7.33478e+13
3057.24 8.40344e+11 4.17421e+10 7.33121e+13 7.33478e+13
3057.25 8.40344e+11 4.04816e+10 7.33121e+13 7.33478e+13
3057.25 8.40344e+11 4.04816e+10 7.33121e+13 7.33478e+13
