2991.6 7.33478e+13 7.33478e+13 7.33478e+13 7.33478e+13
2991.61 4.44852e+13 8.02787e+12 4.78974e+13 7.33478e+13
2991.61 3.17985e+13 5.00775e+12 4.78974e+13 7.33478e+13
2991.61 1.00051e+13 3.21401e+12 6.82865e+13 7.33478e+13
2991.61 9.12439e+12 8.1704e+11 6.82865e+13 7.33478e+13
2991.61 5.93266e+12 6.24967e+11 6.82865e+13 7.33478e+13
2991.62 5.93266e+12 2.95706e+11 6.82865e+13 7.33478e+13
2991.62 5.93266e+12 1.97534e+11 7.33121e+13 7.33478e+13
2991.62 5.93266e+12 1.97534e+11 7.33121e+13 7.33478e+13
2991.62 5.14417e+12 1.97534e+11 7.33121e+13 7.33478e+13
2991.63 4.34203e+12 1.97534e+11 7.33121e+13 7.33478e+13
2991.63 3.998e+12 1.97534e+11 7.33121e+13 7.33478e+13
2991.63 3.95054e+12 1.97534e+11 7.33121e+13 7.33478e+13
2991.64 3.95054e+12 1.97534e+11 7.33121e+13 7.33478e+13
2991.64 3.95054e+12 1.97534e+11 7.33121e+13 7.33478e+13
2991.65 3.95054e+12 1.97534e+11 7.33121e+13 7.33478e+13
2991.65 3.95054e+12 1.97534e+11 7.33121e+13 7.33478e+13
2991.65 3.95054e+12 1.97534e+11 7.33121e+13 7.33478e+13
2991.66 3.95054e+12 6.36441e+10 7.33121e+13 7.33478e+13
2991.66 3.95054e+12 6.36441e+10 7.33121e+13 7.33478e+13
2991.69 3.95054e+12 6.36441e+10 7.33121e+13 7.33478e+13
2991.7 3.95054e+12 6.36441e+10 7.33121e+13 7.33478e+13
2991.71 3.66985e+12 6.36441e+10 7.33121e+13 7.33478e+13
2991.71 2.83002e+12 6.36441e+10 7.33121e+13 7.33478e+13
2991.71 2.83002e+12 6.36441e+10 7.33121e+13 7.33478e+13
2991.71 2.83002e+12 6.36441e+10 7.33121e+13 7.33478e+13
2991.71 2.8274e+12 6.36441e+10 7.33121e+13 7.33478e+13
2991.72 2.8274e+12 6.36441e+10 7.33121e+13 7.33478e+13
2991.72 2.2299e+12 6.36441e+10 7.33121e+13 7.33478e+13
2991.72 1.9726e+12 6.36441e+10 7.33121e+13 7.33478e+13
2991.72 1.9726e+12 6.36441e+10 7.33121e+13 7.33478e+13
2991.72 1.9726e+12 6.36441e+10 7.33121e+13 7.33478e+13
2991.73 1.9726e+12 6.36441e+10 7.33121e+13 7.33478e+13
2991.74 1.9726e+12 6.36441e+10 7.33121e+13 7.33478e+13
2991.74 1.9726e+12 6.36441e+10 7.33121e+13 7.33478e+13
2991.74 1.9726e+12 6.36441e+10 7.33121e+13 7.33478e+13
2991.75 1.87945e+12 6.36441e+10 7.33121e+13 7.33478e+13
2991.75 1.87945e+12 6.36441e+10 7.33121e+13 7.33478e+13
2991.76 1.87945e+12 4.17421e+10 7.33121e+13 7.33478e+13
2991.76 1.87945e+12 4.17421e+10 7.33121e+13 7.33478e+13
2991.76 1.68419e+12 4.17421e+10 7.33121e+13 7.33478e+13
