2984.98 7.33478e+13 7.33478e+13 7.33478e+13 7.33478e+13
2984.98 4.44852e+13 8.02787e+12 4.78974e+13 7.33478e+13
2984.98 3.17985e+13 5.00775e+12 4.78974e+13 7.33478e+13
2984.98 1.00051e+13 3.21401e+12 6.82865e+13 7.33478e+13
2984.98 9.12439e+12 8.1704e+11 6.82865e+13 7.33478e+13
2984.99 5.93266e+12 6.24967e+11 6.82865e+13 7.33478e+13
2984.99 5.93266e+12 2.95706e+11 6.82865e+13 7.33478e+13
2984.99 5.93266e+12 1.97534e+11 7.33121e+13 7.33478e+13
2985 5.93266e+12 1.97534e+11 7.33121e+13 7.33478e+13
2985 5.14417e+12 1.97534e+11 7.33121e+13 7.33478e+13
2985 4.34203e+12 1.97534e+11 7.33121e+13 7.33478e+13
2985.01 3.998e+12 1.97534e+11 7.33121e+13 7.33478e+13
2985.01 3.95054e+12 1.97534e+11 7.33121e+13 7.33478e+13
2985.01 3.95054e+12 1.97534e+11 7.33121e+13 7.33478e+13
2985.01 3.95054e+12 1.97534e+11 7.33121e+13 7.33478e+13
2985.02 3.95054e+12 1.97534e+11 7.33121e+13 7.33478e+13
2985.03 3.95054e+12 1.97534e+11 7.33121e+13 7.33478e+13
2985.03 3.95054e+12 1.97534e+11 7.33121e+13 7.33478e+13
2985.03 3.95054e+12 6.36441e+10 7.33121e+13 7.33478e+13
2985.03 3.95054e+12 6.36441e+10 7.33121e+13 7.33478e+13
2985.06 3.95054e+12 6.36441e+10 7.33121e+13 7.33478e+13
2985.07 3.95054e+12 6.36441e+10 7.33121e+13 7.33478e+13
2985.08 3.66985e+12 6.36441e+10 7.33121e+13 7.33478e+13
2985.08 2.82995e+12 6.36441e+10 7.33121e+13 7.33478e+13
2985.08 2.82995e+12 6.36441e+10 7.33121e+13 7.33478e+13
2985.09 2.82995e+12 6.36441e+10 7.33121e+13 7.33478e+13
2985.09 2.22991e+12 6.36441e+10 7.33121e+13 7.33478e+13
2985.09 2.22991e+12 6.36441e+10 7.33121e+13 7.33478e+13
2985.09 1.9726e+12 6.36441e+10 7.33121e+13 7.33478e+13
2985.09 1.9726e+12 6.36441e+10 7.33121e+13 7.33478e+13
2985.09 1.9726e+12 6.36441e+10 7.33121e+13 7.33478e+13
2985.1 1.9726e+12 6.36441e+10 7.33121e+13 7.33478e+13
2985.11 1.9726e+12 6.36441e+10 7.33121e+13 7.33478e+13
2985.11 1.9726e+12 6.36441e+10 7.33121e+13 7.33478e+13
2985.11 1.9726e+12 6.36441e+10 7.33121e+13 7.33478e+13
2985.12 1.9726e+12 6.36441e+10 7.33121e+13 7.33478e+13
2985.12 1.87945e+12 6.36441e+10 7.33121e+13 7.33478e+13
2985.12 1.87945e+12 6.36441e+10 7.33121e+13 7.33478e+13
2985.13 1.87945e+12 4.17421e+10 7.33121e+13 7.33478e+13
2985.13 1.87945e+12 4.17421e+10 7.33121e+13 7.33478e+13
2985.14 1.68419e+12 4.17421e+10 7.33121e+13 7.33478e+13
