2925.63 7.33478e+13 7.33478e+13 7.33478e+13 7.33478e+13
2925.63 4.44852e+13 8.02787e+12 4.78974e+13 7.33478e+13
2925.63 3.17985e+13 5.00775e+12 4.78974e+13 7.33478e+13
2925.63 3.09351e+13 3.21401e+12 6.82865e+13 7.33478e+13
2925.77 2.75168e+13 2.11223e+12 6.82865e+13 7.33478e+13
2925.63 2.75168e+13 1.63628e+12 6.82865e+13 7.33478e+13
2925.63 1.93701e+13 1.63628e+12 6.82865e+13 7.33478e+13
2925.63 1.89265e+13 1.48323e+12 6.82865e+13 7.33478e+13
2925.63 1.89265e+13 8.1704e+11 6.82865e+13 7.33478e+13
2925.64 1.89265e+13 8.1704e+11 6.82865e+13 7.33478e+13
2925.64 1.17315e+13 8.17039e+11 6.82865e+13 7.33478e+13
2925.64 1.17315e+13 6.24956e+11 6.82865e+13 7.33478e+13
2925.65 9.79582e+12 6.24955e+11 6.82865e+13 7.33478e+13
2925.65 9.79582e+12 6.24966e+11 6.82865e+13 7.33478e+13
2925.65 9.79582e+12 2.95706e+11 6.82865e+13 7.33478e+13
2925.65 9.79582e+12 1.97534e+11 7.33121e+13 7.33478e+13
2925.64 9.79582e+12 1.97534e+11 7.33121e+13 7.33478e+13
2925.65 8.93847e+12 1.97534e+11 7.33121e+13 7.33478e+13
2925.65 6.74461e+12 1.97534e+11 7.33121e+13 7.33478e+13
2925.66 6.74461e+12 1.97534e+11 7.33121e+13 7.33478e+13
2925.66 6.74461e+12 1.97534e+11 7.33121e+13 7.33478e+13
2925.66 6.74461e+12 1.97534e+11 7.33121e+13 7.33478e+13
2925.66 6.74461e+12 1.97534e+11 7.33121e+13 7.33478e+13
2925.66 6.74461e+12 1.97534e+11 7.33121e+13 7.33478e+13
2925.66 6.74461e+12 1.97534e+11 7.33121e+13 7.33478e+13
2925.66 6.74461e+12 1.97534e+11 7.33121e+13 7.33478e+13
2925.67 6.74461e+12 1.97534e+11 7.33121e+13 7.33478e+13
2925.67 6.74461e+12 1.97534e+11 7.33121e+13 7.33478e+13
2925.67 6.74461e+12 1.97534e+11 7.33121e+13 7.33478e+13
2925.67 5.69094e+12 1.97534e+11 7.33121e+13 7.33478e+13
2925.68 5.69094e+12 1.97534e+11 7.33121e+13 7.33478e+13
2925.68 5.69094e+12 1.97534e+11 7.33121e+13 7.33478e+13
2925.68 5.69094e+12 1.97534e+11 7.33121e+13 7.33478e+13
2925.68 5.69094e+12 1.97534e+11 7.33121e+13 7.33478e+13
2925.69 5.69094e+12 1.97534e+11 7.33121e+13 7.33478e+13
2925.69 5.69094e+12 1.97534e+11 7.33121e+13 7.33478e+13
2925.7 5.69094e+12 1.97534e+11 7.33121e+13 7.33478e+13
2925.7 3.95054e+12 1.97534e+11 7.33121e+13 7.33478e+13
2925.7 3.95054e+12 1.97534e+11 7.33121e+13 7.33478e+13
2925.7 3.95054e+12 6.36441e+10 7.33121e+13 7.33478e+13
2925.7 3.95054e+12 6.36441e+10 7.33121e+13 7.33478e+13
