1.75505,2.5715,5.38966,0.173232,5.46766,0.314384,8.46483,11.2378,10.4995,11.554,25.6567,0.610198,31.307,16.8998,230.94,230.94,61.474,4.06098,4.4581,39.8619,230.94,230.94,230.94,230.94,230.94,230.94,102.836,230.94,230.94,230.94,230.94,230.94,230.94,230.94,230.94,230.94,230.94,230.94,230.94,230.94,230.94,230.94,230.94,230.94,230.94,230.94,230.94,230.94,230.94,230.94,230.94,230.94,230.94,230.94,230.94,230.94,230.94,230.94,230.94,230.94,230.94,230.94,230.94,230.94,230.94,230.94,230.94,230.94,230.94,230.94,230.94,230.94,230.94,230.94,230.94,230.94,230.94,230.94,230.94,230.94,230.94,230.94,230.94,230.94,230.94,230.94,230.94,230.94,230.94,230.94,230.94,230.94,230.94,230.94,230.94,230.94,230.94,230.94,230.94,230.94
0.581245,1.60521,1.8027,0.0984409,3.46565,0.183535,5.00419,3.87863,6.84428,6.95798,6.32926,0.372214,7.93414,10.4857,18.6415,0.734893,17.6382,0.899672,1.10739,10.6681,13.9901,24.5739,1.19333,26.5947,15.7467,26.3398,49.9571,1.81788,36.4285,18.6867,6.21275,34.126,39.3408,230.94,47.8268,230.94,43.8724,230.94,230.94,230.94,230.94,230.94,230.94,230.94,230.94,230.94,95.8439,230.94,230.94,230.94,230.94,230.94,230.94,230.94,230.94,230.94,230.94,230.94,230.94,230.94,230.94,230.94,230.94,230.94,230.94,230.94,230.94,230.94,230.94,230.94,230.94,230.94,230.94,230.94,230.94,230.94,230.94,230.94,230.94,230.94,230.94,230.94,230.94,230.94,230.94,230.94,230.94,230.94,230.94,230.94,230.94,230.94,230.94,230.94,230.94,230.94,230.94,230.94,230.94,230.94
0.417927,0.657844,1.58445,0.039573,1.88495,0.104985,1.97611,3.87863,6.84428,3.70803,4.325,0.372214,6.8313,10.4857,6.8393,0.463948,11.9784,0.792104,0.711323,10.6681,8.98201,15.8902,1.19333,10.6473,13.2157,18.8044,14.5851,1.22857,10.3408,18.6867,1.63428,23.1976,17.9129,19.661,230.94,230.94,230.94,22.8032,230.94,3.41621,2.72439,2.23364,44.5789,230.94,230.94,230.94,28.025,69.1913,39.3583,40.8723,44.5901,9.18816,9.16652,3.79648,230.94,230.94,230.94,230.94,230.94,230.94,226.683,230.94,230.94,229.273,230.94,230.94,230.94,230.94,230.94,230.94,230.94,230.94,230.94,230.94,230.94,230.94,230.94,230.94,230.94,230.94,230.94,230.94,230.94,230.94,230.94,230.94,230.94,230.94,230.94,230.94,230.94,230.94,230.94,230.94,230.94,230.94,230.94,230.94,230.94,230.94
0.417927,0.657844,1.30274,0.039573,1.41542,0.0721102,1.97611,2.82876,2.81022,2.75349,4.325,0.145985,5.46326,4.17546,5.05942,0.463948,5.04938,0.575734,0.288158,7.4402,8.98201,6.46445,0.780124,10.6473,10.2045,18.8044,10.3574,1.22857,10.3408,12.2925,1.09742,23.1976,11.3915,19.661,15.1513,1.72648,13.1484,15.3046,26.8301,1.89792,1.92736,2.23364,31.9589,230.94,230.94,19.0097,230.94,230.94,20.1685,20.0993,35.2968,2.6094,2.99126,2.79392,22.0902,55.912,44.949,41.3899,230.94,230.94,230.94,230.94,230.94,230.94,230.94,230.94,230.94,230.94,230.94,11.4842,5.00212,230.94,52.8939,40.9805,230.94,230.94,230.94,230.94,230.94,68.5949,230.94,230.94,230.94,230.94,230.94,230.94,230.94,84.6792,230.94,230.94,230.94,97.1979,230.94,230.94,230.94,230.94,230.94,230.94,128.828,229.694
0.205087,0.505661,0.639306,0.0288529,1.08843,0.0527114,1.50504,2.82876,2.81022,2.10066,1.97758,0.145985,2.50465,4.17546,5.05942,0.204026,5.04938,0.253491,0.288158,7.4402,3.89603,6.46445,0.780124,8.03111,4.44601,8.34854,10.3574,0.525158,7.4236,12.2925,1.09742,9.87157,8.216,14.2877,11.702,1.16087,13.1484,230.94,230.94,1.28594,0.876537,1.5447,14.5408,230.94,230.94,12.8089,19.2741,19.2063,13.6662,20.0993,35.2968,2.6094,2.13087,2.79392,230.94,230.94,14.1311,41.3899,14.8803,24.1647,230.94,230.94,230.94,230.94,230.94,25.2016,230.94,230.94,43.479,3.27816,3.80634,28.1212,230.94,230.94,230.94,230.94,12.135,39.5159,23.485,230.94,230.94,230.94,230.94,230.94,32.1215,51.1697,59.3655,230.94,230.94,230.94,230.94,230.94,230.94,230.94,230.94,230.94,230.94,225.017,230.94,230.94
0.205087,0.505661,0.639306,0.0288529,1.08843,0.0527114,1.50504,1.39174,2.16496,2.10066,1.97758,0.107445,2.50465,3.1938,2.51154,0.204026,3.91081,0.253491,0.214645,3.43193,3.89603,4.96969,0.346108,4.06305,4.44601,6.53316,4.83889,0.397262,7.4236,5.40025,0.495675,7.661,8.216,6.82755,11.702,1.16087,9.55606,6.81752,12.8143,1.28594,0.876537,0.717749,14.5408,11.4672,1.50192,12.8089,8.77285,19.2063,13.6662,15.9331,18.3675,1.81771,2.13087,1.35286,230.94,230.94,14.1311,20.4187,14.8803,24.1647,230.94,230.94,230.94,16.1253,230.94,230.94,230.94,230.94,43.479,3.27816,3.80634,19.7613,17.8581,230.94,230.94,230.94,3.5617,39.5159,23.485,26.9193,20.0632,230.94,230.94,230.94,32.1215,30.199,50.8959,230.94,230.94,230.94,48.1013,230.94,59.2965,230.94,230.94,230.94,230.94,230.94,230.94,230.94
0.165825,0.274127,0.581247,0.0157094,0.690435,0.0352196,0.80707,1.39174,2.16496,1.31905,1.57426,0.107445,2.26706,3.1938,2.51154,0.154934,3.91081,0.233213,0.214645,3.43193,3.06161,4.96969,0.346108,4.06305,3.97102,6.53316,4.83889,0.397262,3.63743,5.40025,0.495675,7.661,4.9242,6.82755,6.10303,0.546031,9.55606,6.81752,10.1815,0.79118,0.674394,0.717749,11.4468,11.4672,1.50192,5.92032,8.77285,9.49108,7.72904,15.9331,18.3675,1.81771,1.02641,1.35286,230.94,230.94,10.4803,20.4187,230.94,230.94,230.94,230.94,230.94,16.1253,230.94,230.94,230.94,230.94,24.7424,2.94502,1.95644,19.7613,17.8581,230.94,27.2501,230.94,3.5617,31.2853,16.3524,26.9193,20.0632,230.94,230.94,230.94,22.9659,25.2144,31.5529,230.94,230.94,230.94,36.1062,230.94,230.94,230.94,22.714,230.94,230.94,37.8804,31.703,36.6542
0.165825,0.274127,0.517135,0.0157094,0.587184,0.0280701,0.80707,1.12682,1.1608,1.12462,1.57426,0.0560259,1.99558,1.70311,2.03758,0.154934,2.0927,0.193008,0.111545,2.7388,3.06161,2.64303,0.264795,4.06305,3.49865,6.53316,3.87257,0.397262,3.63743,4.25953,0.38194,7.661,4.04016,6.82755,6.10303,0.546031,4.72983,5.39635,10.1815,0.607747,0.674394,0.717749,11.4468,5.734,0.716251,5.92032,8.77285,9.49108,6.34348,8.65394,14.8738,0.879153,1.02641,1.05892,7.0637,13.9682,10.4803,16.3687,230.94,230.94,12.8789,8.10263,2.24172,12.0577,230.94,230.94,230.94,230.94,23.3577,2.31029,1.82043,230.94,230.94,14.5551,24.9937,2.77967,2.529,20.0698,16.3524,20.7065,20.0632,230.94,230.94,230.94,22.9659,25.2144,31.5529,230.94,230.94,230.94,21.6883,230.94,230.94,230.94,22.714,230.94,230.94,37.8804,28.802,26.7089
0.165825,0.274127,0.517135,0.0157094,0.587184,0.0280701,0.80707,1.12682,1.1608,1.12462,1.57426,0.0560259,1.99558,1.70311,2.03758,0.154934,2.0927,0.193008,0.111545,2.7388,3.06161,2.64303,0.264795,3.30934,3.49865,3.52332,3.87257,0.20919,3.63743,4.25953,0.38194,4.09522,4.04016,5.49023,5.0032,0.546031,4.72983,230.94,230.94,0.607747,0.363386,0.558187,6.22178,5.734,0.716251,5.92032,6.97936,7.68691,6.34348,8.65394,14.8738,0.879153,0.806845,1.05892,230.94,230.94,10.4803,16.3687,230.94,230.94,12.8789,8.10263,1.1054,12.0577,8.83027,11.6875,2.18099,1.43206,20.4698,2.31029,1.55712,9.48755,13.4472,14.5551,22.3012,1.40388,2.529,16.9751,16.3524,20.7065,15.2404,230.94,230.94,230.94,11.2465,15.1244,26.6959,230.94,230.94,230.94,18.4244,230.94,28.9759,230.94,17.4329,230.94,230.94,21.6954,24.844,26.7089
0.0984084,0.228361,0.3065,0.0126083,0.488656,0.0225097,0.670255,0.762402,1.07034,0.933748,0.906338,0.0522706,1.14793,1.55871,2.03758,0.087913,2.0927,0.108974,0.111545,1.8068,1.73258,2.64303,0.180256,3.30934,1.98051,3.52332,3.87257,0.20919,2.95956,2.75406,0.38194,4.09522,3.29012,5.49023,5.0032,0.426394,4.33083,230.94,230.94,0.475574,0.363386,0.558187,6.22178,5.734,0.66389,4.74692,6.97936,7.68691,5.09188,7.15911,8.43539,0.879153,0.806845,0.586713,230.94,230.94,5.40213,9.14812,5.72517,9.08235,10.5306,8.10263,1.1054,7.47622,8.83027,11.6875,1.08303,1.13883,20.4698,1.15246,1.55712,9.48755,13.4472,11.7632,22.3012,1.40388,1.59797,16.9751,7.9352,10.9899,230.94,230.94,2.84099,1.94058,11.2465,15.1244,26.6959,10.4449,1.78214,2.16955,18.4244,230.94,230.94,230.94,17.4329,230.94,230.94,21.6954,24.844,13.4016
0.0984084,0.228361,0.3065,0.0126083,0.488656,0.0225097,0.670255,0.666698,0.964551,0.933748,0.906338,0.0449268,1.14793,1.41279,1.20447,0.087913,1.73718,0.108974,0.0896851,1.57361,1.73258,2.19035,0.148789,1.96026,1.98051,2.92756,2.22452,0.169082,2.95956,2.41257,0.214445,3.39535,3.29012,3.16291,5.0032,0.426394,3.85763,3.06092,5.60032,0.475574,0.363386,0.315121,6.22178,4.68744,0.562446,4.74692,3.97343,7.68691,5.09188,7.15911,8.43539,0.693768,0.806845,0.586713,230.94,230.94,5.40213,9.14812,5.72517,9.08235,10.5306,6.53412,0.877743,6.2716,8.83027,9.77826,1.08303,1.13883,12.0716,1.15246,0.88895,7.67915,7.05292,11.7632,12.9289,1.40388,1.27138,14.0404,7.9352,10.9899,8.08374,8.27465,1.44416,1.56167,11.2465,15.1244,26.6959,8.84691,1.78214,2.16955,15.0475,230.94,230.94,230.94,17.4329,9.66105,13.8488,21.6954,13.5817,13.4016
0.0984084,0.228361,0.3065,0.0126083,0.488656,0.0225097,0.670255,0.666698,0.964551,0.933748,0.906338,0.0449268,1.14793,1.41279,1.20447,0.087913,1.73718,0.108974,0.0896851,1.57361,1.73258,2.19035,0.148789,1.96026,1.98051,2.92756,2.22452,0.169082,2.95956,2.41257,0.214445,3.39535,3.29012,3.16291,2.98468,0.426394,3.85763,3.06092,4.67076,0.475574,0.295763,0.315121,5.17434,4.68744,0.562446,4.74692,3.97343,4.46422,5.09188,7.15911,8.43539,0.693768,0.460831,0.586713,230.94,230.94,5.40213,9.14812,230.94,230.94,10.5306,6.53412,0.877743,6.2716,7.27413,9.77826,1.08303,1.13883,12.0716,1.15246,0.88895,7.67915,7.05292,11.7632,12.9289,1.12289,1.27138,14.0404,7.9352,10.9899,8.08374,8.27465,1.44416,1.56167,9.14574,12.817,16.4674,8.84691,1.78214,1.2767,15.0475,230.94,230.94,230.94,9.37972,9.66105,13.8488,18.1777,13.5817,13.4016
0.0841095,0.14344,0.284564,0.00799746,0.341195,0.0164656,0.419144,0.666698,0.964551,0.647954,0.768952,0.0449268,1.06505,1.41279,1.20447,0.0720492,1.73718,0.102355,0.0896851,1.57361,1.46257,2.19035,0.148789,1.96026,1.82028,2.92756,2.22452,0.169082,1.77424,2.41257,0.214445,3.39535,2.23674,3.16291,2.98468,0.249948,3.85763,3.06092,4.67076,0.331545,0.295763,0.315121,5.17434,4.68744,0.562446,2.78969,3.97343,4.46422,3.36096,4.32775,7.08097,0.693768,0.460831,0.481323,230.94,230.94,4.46418,7.65291,230.94,230.94,6.20239,6.53412,0.877743,6.2716,230.94,230.94,0.86351,0.661195,10.2228,1.07287,0.735409,7.67915,7.05292,6.82751,10.9056,1.12289,1.27138,8.43472,6.4546,9.10391,8.08374,7.44712,1.44416,0.924558,9.14574,12.817,16.4674,8.84691,1.43699,1.2767,8.8803,7.18374,17.532,1.67606,9.37972,230.94,230.94,18.1777,11.3272,10.9613
0.0841095,0.14344,0.261892,0.00799746,0.305718,0.0140339,0.419144,0.569395,0.599431,0.582779,0.768952,0.0274014,0.973717,0.87751,1.02821,0.0720492,1.0719,0.0893423,0.0539951,1.33428,1.46257,1.35122,0.1221,1.96026,1.67199,2.92756,1.88557,0.169082,1.77424,2.03692,0.17632,3.39535,1.9732,3.16291,2.98468,0.249948,2.31557,2.58484,4.67076,0.278681,0.295763,0.315121,5.17434,2.81859,0.329734,2.78969,3.97343,4.46422,2.99498,4.32775,7.08097,0.407675,0.460831,0.481323,3.34655,5.8136,4.46418,7.65291,230.94,230.94,6.20239,3.85903,0.877743,5.19343,230.94,230.94,0.86351,0.661195,10.2228,0.920291,0.735409,7.67915,5.85148,6.82751,10.9056,1.12289,1.01786,8.43472,6.4546,9.10391,8.08374,6.73689,1.16029,0.924558,9.14574,8.09475,14.094,7.21392,1.43699,1.06523,8.8803,7.18374,14.939,1.67606,9.37972,230.94,230.94,11.1908,11.3272,10.9613
0.0841095,0.14344,0.261892,0.00799746,0.305718,0.0140339,0.419144,0.569395,0.599431,0.582779,0.768952,0.0274014,0.973717,0.87751,1.02821,0.0720492,1.0719,0.0893423,0.0539951,1.33428,1.46257,1.35122,0.1221,1.67343,1.67199,1.79969,1.88557,0.10172,1.77424,2.03692,0.17632,2.08427,1.9732,2.6816,2.55073,0.249948,2.31557,2.58484,2.87875,0.278681,0.179308,0.259922,3.17883,2.81859,0.329734,2.78969,3.35744,3.79003,2.99498,4.32775,7.08097,0.407675,0.381761,0.481323,230.94,230.94,4.46418,7.65291,230.94,230.94,6.20239,3.85903,0.518428,5.19343,4.41231,6.02638,0.86351,0.661195,10.2228,0.920291,0.735409,4.5531,5.85148,6.82751,10.9056,0.668696,1.01786,8.43472,6.4546,9.10391,6.72373,6.73689,1.16029,0.924558,5.45424,8.09475,14.094,7.21392,1.43699,1.06523,8.8803,7.18374,14.939,1.35258,7.82691,230.94,230.94,11.1908,11.3272,10.9613
0.0841095,0.14344,0.261892,0.00799746,0.305718,0.0140339,0.419144,0.569395,0.599431,0.582779,0.768952,0.0274014,0.973717,0.87751,1.02821,0.0720492,1.0719,0.0893423,0.0539951,1.33428,1.46257,1.35122,0.1221,1.67343,1.67199,1.79969,1.88557,0.10172,1.77424,2.03692,0.17632,2.08427,1.9732,2.6816,2.55073,0.249948,2.31557,2.58484,2.87875,0.278681,0.179308,0.259922,3.17883,2.81859,0.329734,2.78969,3.35744,3.79003,2.99498,3.70811,4.40633,0.407675,0.381761,0.295497,230.94,230.94,4.46418,4.73872,230.94,230.94,5.28063,3.85903,0.518428,5.19343,4.41231,5.18537,0.86351,0.550633,6.4632,0.920291,0.458438,4.5531,5.85148,5.79152,6.85073,0.668696,1.01786,7.21244,6.4546,5.56784,6.72373,6.73689,1.16029,0.774497,5.45424,8.09475,14.094,7.21392,0.865321,1.06523,7.56072,7.18374,14.939,1.35258,7.82691,230.94,230.94,11.1908,7.00572,6.59018
0.0557661,0.124674,0.173406,0.0067537,0.265445,0.0118337,0.363789,0.376138,0.519497,0.505551,0.50145,0.0230631,0.63408,0.760195,1.02821,0.0467329,1.0719,0.0576225,0.0539951,0.866659,0.946478,1.35122,0.0781649,1.67343,1.0813,1.79969,1.88557,0.10172,1.52386,1.31563,0.17632,2.08427,1.69483,2.6816,2.55073,0.208019,1.98912,2.58484,2.87875,0.23207,0.179308,0.259922,3.17883,2.81859,0.274884,2.38113,3.35744,3.79003,2.5568,3.70811,4.40633,0.407675,0.381761,0.295497,2.85782,3.50715,2.759,4.73872,2.92854,4.4075,5.28063,3.85903,0.518428,3.21686,4.41231,5.18537,0.520965,0.550633,6.4632,0.555762,0.458438,4.5531,5.85148,5.79152,6.85073,0.668696,0.615879,7.21244,3.90606,5.56784,6.72373,4.08106,1.16029,0.774497,5.45424,7.00509,9.10009,4.37784,0.865321,0.675253,7.56072,6.00749,9.5712,1.35258,7.82691,230.94,230.94,9.62358,7.00572,6.59018
0.0557661,0.124674,0.173406,0.0067537,0.265445,0.0118337,0.363789,0.376138,0.519497,0.505551,0.50145,0.0230631,0.63408,0.760195,0.677222,0.0467329,0.926873,0.0576225,0.0454266,0.866659,0.946478,1.16812,0.0781649,1.0994,1.0813,1.55362,1.22074,0.0857075,1.52386,1.31563,0.112166,1.79837,1.69483,1.73139,2.55073,0.208019,1.98912,1.66664,2.87875,0.23207,0.179308,0.16491,3.17883,2.42184,0.274884,2.38113,2.16156,3.79003,2.5568,3.70811,4.40633,0.340441,0.381761,0.295497,230.94,230.94,2.759,4.73872,2.92854,4.4075,5.28063,3.29711,0.433972,3.21686,4.41231,5.18537,0.520965,0.550633,6.4632,0.555762,0.458438,3.8932,3.63268,5.79152,6.85073,0.668696,0.615879,7.21244,3.90606,5.56784,4.18811,4.08106,0.704353,0.774497,5.45424,7.00509,9.10009,4.37784,0.865321,0.675253,7.56072,6.00749,9.5712,0.825126,7.82691,4.80407,6.23438,9.62358,7.00572,6.59018
0.0557661,0.124674,0.173406,0.0067537,0.265445,0.0118337,0.363789,0.376138,0.519497,0.505551,0.50145,0.0230631,0.63408,0.760195,0.677222,0.0467329,0.926873,0.0576225,0.0454266,0.866659,0.946478,1.16812,0.0781649,1.0994,1.0813,1.55362,1.22074,0.0857075,1.52386,1.31563,0.112166,1.79837,1.69483,1.73139,1.67469,0.208019,1.98912,1.66664,2.48473,0.23207,0.151531,0.16491,2.74107,2.42184,0.274884,2.38113,2.16156,2.44581,2.5568,2.44087,3.80956,0.340441,0.242665,0.250696,230.94,230.94,2.759,4.09114,230.94,230.94,3.41787,3.29711,0.433972,3.21686,3.79714,5.18537,0.520965,0.352079,6.4632,0.555762,0.458438,3.8932,3.63268,3.73646,6.85073,0.561505,0.615879,7.21244,3.90606,4.79955,4.18811,4.08106,0.704353,0.774497,4.66939,7.00509,9.10009,4.37784,0.729337,0.675253,7.56072,6.00749,9.5712,0.825126,4.89812,4.80407,6.23438,9.62358,7.00572,5.65185
