1.17227,3.73201,2.81194,0.251146,5.18766,0.275807,19.0804,4.4185,6.16054,18.0613,230.94,230.94,24.7918,17.3041,230.94,121.959,230.94,122.217,231.602,230.94,230.94,230.94,226.56,126.935,230.94,230.94,230.94,230.94,230.94,230.94,230.94,230.94,230.94,230.94,230.94,230.94,230.94,230.94,230.94,230.94,230.94,230.94,230.94,230.94,230.94,230.94,230.94,230.94,230.94,230.94,230.94,230.94,230.94,230.94,230.94,230.94,230.94,230.94,230.94,230.94,230.94,230.94,230.94,230.94,230.94,230.94,230.94,230.94,230.94,230.94,230.94,230.94,230.94,230.94,230.94,230.94,230.94,230.94,230.94,230.94,230.94,230.94,230.94,230.94,230.94,230.94,230.94,230.94,230.94,230.94,230.94,230.94,230.94,230.94,230.94,230.94,230.94,230.94,230.94,230.94
0.214128,0.79431,0.490259,0.0534906,0.970811,0.0517652,2.88471,4.4185,6.16054,2.35466,3.12792,0.294243,2.91185,17.3041,5.75861,0.531858,6.72736,0.450623,0.30713,24.4127,13.4457,16.925,230.94,230.94,230.94,230.94,230.94,230.94,230.94,230.94,120.67,230.94,230.94,284.688,230.94,230.94,230.94,230.94,199.432,203.554,230.94,230.94,229.664,230.94,224.384,230.94,230.94,230.94,230.94,230.94,230.94,230.94,230.94,230.94,230.94,230.94,232.661,230.94,230.94,230.94,230.94,230.94,230.94,230.94,230.94,230.94,229.849,230.94,230.94,230.94,230.94,230.94,230.94,230.94,230.94,230.94,230.94,230.94,230.94,230.94,230.94,230.94,230.94,230.94,230.94,230.94,230.94,230.94,230.94,230.94,230.94,230.94,230.94,230.94,230.94,230.94,230.94,230.94,230.94,230.94
0.160073,0.597559,0.35226,0.0392487,0.707446,0.0370522,2.138,0.687033,1.03842,1.70984,2.23749,0.0494551,2.04032,2.00484,0.783772,0.373792,1.06022,0.310397,0.0481668,2.70737,9.26971,1.85133,0.393848,6.88588,8.23257,7.11379,2.60349,0.317511,230.94,230.94,0.36884,16.7972,24.3976,24.3133,230.94,230.94,230.94,230.94,230.94,230.94,230.94,120.158,272.827,230.94,230.94,230.94,230.94,230.94,228.899,230.94,199.962,230.94,230.94,230.94,230.94,230.94,230.94,230.94,206.869,230.94,229.574,230.94,230.94,230.94,230.94,230.646,230.94,230.94,230.94,230.94,230.94,230.94,230.94,230.94,230.94,230.94,230.94,230.94,227.828,230.94,230.94,230.94,231.997,230.94,230.94,230.94,230.94,230.94,230.94,230.94,230.94,230.94,230.94,230.94,230.94,230.94,230.94,230.94,230.94,230.94
0.0250253,0.0857506,0.0548249,0.00501763,0.101277,0.00478021,0.249252,0.487591,0.749538,0.197682,0.230914,0.0354081,0.215443,1.46808,0.553604,0.0272883,0.763024,0.0231847,0.0346583,1.90476,0.411023,1.37702,0.273739,6.88588,0.389727,7.11379,1.84529,0.317511,1.05382,7.54788,0.259838,16.7972,0.852718,230.94,230.94,0.138063,230.94,230.94,230.94,0.134054,0.326972,230.94,230.94,230.94,230.94,230.94,230.94,230.94,230.94,230.94,230.94,58.7665,230.94,230.94,230.94,230.94,230.94,273.354,230.94,230.94,230.94,234.704,230.94,230.94,230.94,230.94,218.436,230.94,230.94,230.94,230.94,230.94,230.94,230.94,230.94,230.94,230.94,230.94,230.94,230.94,230.94,230.94,230.94,230.94,230.94,230.94,230.94,230.94,230.94,230.94,230.94,230.94,230.94,230.94,230.94,230.94,230.94,230.94,230.94,230.94
0.0250253,0.0857506,0.0548249,0.00501763,0.101277,0.00478021,0.249252,0.071689,0.100422,0.197682,0.230914,0.00430571,0.215443,0.156507,0.241045,0.0272883,0.283237,0.0231846,0.0121752,0.190605,0.411023,0.42257,0.0192784,0.580451,0.389727,0.7679,0.594803,0.0344853,1.05382,0.349347,0.0681752,1.36647,0.852718,1.83217,7.93563,0.138063,0.685629,1.71539,5.51824,0.134054,0.240197,0.258238,12.5672,4.9795,0.121984,2.18979,7.23827,25.0271,2.64575,230.94,230.94,230.94,230.94,230.94,230.94,230.94,230.94,230.94,230.94,230.94,230.94,230.94,230.94,230.94,230.94,230.94,230.94,230.94,200.016,230.94,230.94,230.94,230.94,230.94,230.94,230.94,230.94,230.94,230.94,232.392,230.94,230.94,230.94,230.94,230.94,230.94,230.94,230.94,230.94,230.94,230.94,237.35,230.94,230.94,230.94,236.145,230.94,168.239,230.94,230.94
0.0250253,0.0857506,0.0548249,0.00501763,0.101277,0.00478021,0.249252,0.071689,0.100422,0.197682,0.230914,0.00430571,0.215443,0.156507,0.0785927,0.0272883,0.0978966,0.0231847,0.00402227,0.190605,0.411023,0.136498,0.0192784,0.0814335,0.389727,0.0974659,0.176258,0.00390841,1.05382,0.349347,0.0172676,0.128476,0.852718,0.170569,0.591033,0.138063,0.685629,0.325563,0.77005,0.134054,0.0346066,0.016462,1.39665,0.603653,0.121984,2.18979,0.316155,1.84251,2.64575,8.70415,7.84415,0.114489,0.262759,0.333987,230.94,230.94,6.69336,16.9371,230.94,230.94,230.94,230.94,0.111446,8.8158,20.6532,230.94,230.94,230.94,230.94,230.94,230.94,230.94,230.94,230.94,230.94,230.94,230.94,230.94,230.94,230.94,230.94,230.94,231.381,230.94,228.14,230.94,258.144,230.94,230.94,230.94,230.94,230.94,230.94,244.654,230.94,230.94,230.94,230.94,271.531,230.94
0.00109749,0.0038891,0.00983269,0.000216464,0.0183538,0.000836611,0.0103276,0.071689,0.100422,0.0333844,0.00854735,0.00430569,0.0333414,0.156507,0.0785927,0.000944366,0.0978967,0.00331954,0.00402465,0.190605,0.0133282,0.136498,0.0192782,0.0814333,0.0491226,0.0974658,0.176258,0.00390826,0.0269322,0.349347,0.0172678,0.128476,0.0913898,0.170569,0.591032,0.00287851,0.685628,0.325563,0.77005,0.0107418,0.0346069,0.0164617,1.39665,0.603653,0.121984,0.0281901,0.316155,1.84251,0.125072,0.597378,0.771262,0.11449,0.262759,0.0348566,230.94,230.94,0.0688068,1.4474,0.168718,7.31476,1.86358,2.62758,0.111446,8.8158,230.94,230.94,230.94,230.94,230.94,230.94,230.94,230.94,230.94,230.94,230.94,230.94,230.94,230.94,230.94,230.94,230.94,230.94,230.94,230.94,230.94,230.94,230.94,230.94,230.94,230.94,230.94,230.94,230.94,230.94,230.94,230.94,230.94,230.94,230.94,230.94
0.00109749,0.0038891,0.00377966,0.000216464,0.00687803,0.000311805,0.0103276,0.00846966,0.0110696,0.0123303,0.00854754,0.000463543,0.0122555,0.0160576,0.0786018,0.000964918,0.0979055,0.00526199,0.00649272,0.0181778,0.0133285,0.136506,0.00170358,0.081445,0.0185757,0.0974669,0.176264,0.00390814,0.0269281,0.0269363,0.0172781,0.128468,0.0331421,0.170561,0.0826716,0.00288453,0.0446946,0.325566,0.0988123,0.00455331,0.00433993,0.0164631,0.126252,0.603655,0.0061447,0.0281843,0.316162,0.16963,0.0481908,0.597381,0.771271,0.115186,0.0206033,0.0348625,0.0792314,0.570933,0.0688127,1.44739,0.102389,0.314719,1.86358,2.62757,0.111456,0.159484,0.561703,9.45033,0.018771,0.270232,8.13922,0.0282367,0.342739,2.64824,9.11256,7.43997,17.056,0.11091,0.043535,24.5438,0.417385,21.0847,9.21369,0.539953,230.94,230.94,230.94,230.94,230.94,230.94,59.5365,230.94,230.935,230.94,230.94,230.94,230.94,230.94,230.94,230.94,230.94,230.94
0.00109749,0.0038891,0.00377966,0.000216464,0.00687803,0.000311798,0.0103276,0.00846956,0.011069,0.0123297,0.00854692,0.00046325,0.0122559,0.0160526,0.0124898,0.000947391,0.013861,0.00192683,0.0015972,0.0181313,0.0133282,0.0182834,0.00167484,0.0734714,0.0185768,0.0928908,0.0220117,0.00367555,0.0269345,0.0269393,0.00196823,0.119652,0.0331477,0.158815,0.0826695,0.00288271,0.0447046,0.0324246,0.0987953,0.00411783,0.00393021,0.0152425,0.12626,0.0520238,0.00614019,0.0281899,0.295425,0.169646,0.0481936,0.33492,0.3469,0.00956566,0.0173202,0.014591,0.0782484,0.51494,0.0688118,0.481518,0.107685,0.316463,0.718956,0.0986431,0.102091,0.159494,0.5617,0.604763,0.0187638,0.083138,0.772272,0.0282458,0.0351721,2.48991,0.199988,2.22711,1.50831,0.110913,0.0435257,1.88886,0.417372,6.64174,8.17525,0.539963,0.053767,0.27904,2.71812,230.94,291.843,230.94,230.94,230.94,230.94,230.94,230.94,32.5088,230.94,230.94,230.94,275.477,230.94,230.94
0.00109749,0.0038891,0.00377966,0.000216464,0.00687803,0.000311702,0.0103276,0.00846958,0.0110692,0.0123299,0.00854712,0.000463598,0.0122552,0.0160499,0.0124868,0.000943472,0.0138579,0.00132107,0.000699247,0.0181399,0.0133287,0.0182847,0.00168319,0.0142,0.0185945,0.0145102,0.0220187,0.000696377,0.0269291,0.0269457,0.00213246,0.0184646,0.0331408,0.0228087,0.0743899,0.00290936,0.0447076,0.0324915,0.094711,0.0043096,0.00388511,0.00202003,0.117516,0.052021,0.00616419,0.0281944,0.0335115,0.158516,0.0482003,0.0832472,0.101345,0.00753281,0.0150914,0.00396683,0.199422,0.190969,0.0688142,0.126917,0.102272,0.294818,0.171194,0.0986439,0.00779231,0.159484,0.506394,0.604754,0.0187911,0.0164412,0.772253,0.0284316,0.0353136,0.103689,0.199989,0.317366,1.50833,0.101961,0.0435257,1.88886,0.41735,0.564261,0.210928,0.539956,0.0537549,0.279043,2.57065,0.614875,0.77343,0.738274,0.111708,0.0354739,7.58121,1.68205,1.57375,0.0560865,8.1899,0.851734,2.19956,1.91513,230.94,230.94
0.000160192,0.000546252,0.00377966,3.02184e-05,0.00687803,0.00031195,0.00141673,0.0084696,0.0110677,0.0123298,0.00113823,0.000463359,0.012254,0.0160715,0.0125124,0.000311952,0.0138768,0.0106859,0.0106389,0.0181405,0.00162776,0.0182845,0.00181976,0.0142055,0.0186272,0.0145461,0.0220838,0.00102036,0.00321177,0.0269582,0.00218499,0.0184961,0.0331766,0.0228808,0.0149253,0.00154678,0.0447225,0.032666,0.0149366,0.00445509,0.00103026,0.00231387,0.0182091,0.0522068,0.00690605,0.00334543,0.0336235,0.0226643,0.0482158,0.0746953,0.0973891,0.0443771,0.043819,0.00426522,1.00716,1.00556,0.0057709,0.117658,0.102267,0.0332221,0.160246,0.0986398,0.0100967,0.15954,0.053578,0.0752498,0.00775319,0.0157974,0.100464,0.0293323,0.00827467,0.10378,0.200128,0.297241,0.118888,0.00784022,0.0436595,0.162549,0.0166195,0.506874,0.210951,0.539967,0.0608329,0.0327076,0.103829,0.61518,0.773691,0.738306,0.103129,0.0366124,0.301224,0.023778,1.57378,0.0560887,0.211566,0.852151,2.19966,1.91513,0.511683,2.67589
0.000160192,0.000546253,0.000540818,3.02238e-05,0.000968516,6.29854e-05,0.00141705,0.00112398,0.00148883,0.0016973,0.00113825,0.000194105,0.00162559,0.00228156,0.0124961,0.00137908,0.0138604,0.033213,0.0402461,0.0230188,0.0020625,0.0183776,0.00213551,0.014223,0.00325129,0.0156432,0.022678,0.00216442,0.00384932,0.00376886,0.00277248,0.0211678,0.0107199,0.0228337,0.0152362,0.00364276,0.00940042,0.111427,0.107925,0.088351,0.0883753,0.00388171,0.0185647,0.0532276,0.00689596,0.00942203,0.0347368,0.0244863,0.006569,0.0749425,0.0976115,0.0151929,0.0114889,0.0123341,0.211717,0.218179,0.0100692,0.117847,0.0462231,0.056366,0.160371,0.0993778,0.0136808,0.0166786,0.052995,0.074911,0.138235,0.138947,0.100787,0.0128034,0.0123554,0.104292,0.20021,0.297497,0.119859,0.012371,0.0101298,0.163052,0.0220958,0.506954,0.212479,0.0304491,0.0758106,0.0552161,0.103933,0.585413,0.745336,0.0314367,0.104237,0.0385613,0.301405,0.0494309,1.54052,0.0584261,0.213624,0.85175,0.0373712,1.85276,0.511963,2.67554
0.000160192,0.000546252,0.000540809,3.02194e-05,0.000968514,4.40788e-05,0.00141671,0.00112377,0.00149033,0.00169526,0.00114039,0.00017675,0.00166643,0.00386643,0.0039771,0.00155752,0.00354505,0.157082,0.157333,0.0440233,0.0050582,0.00535103,0.00631164,0.0150225,0.00425421,0.0185758,0.0107377,0.00950692,0.0119244,0.00731938,0.0275693,0.0361,0.016948,0.0237542,0.0168904,0.0109112,0.0207475,0.0752223,0.0766967,0.148411,0.147349,0.0122195,0.0212768,0.0165709,0.0110848,0.0106185,0.0343458,0.0246534,0.0117526,0.0179247,0.019987,0.167592,0.167843,0.01085,0.883347,0.8849,0.0139773,0.0209495,1.04382,1.04409,0.0317652,0.0266505,0.0181235,0.0161379,0.0543147,0.0761137,0.00672481,0.00840379,0.101025,0.0228966,0.0222483,0.104521,0.0328946,0.0337372,0.119749,0.0163602,0.0107256,0.163184,0.0190036,0.053969,0.212565,0.0350913,0.122687,0.122392,0.110471,0.566751,0.554337,0.0307163,0.0281915,0.034322,0.30278,0.0402181,1.17871,0.0567025,0.211386,0.517066,0.509174,1.36753,0.512014,0.102615
0.000106887,0.000429219,0.000368979,2.33485e-05,0.000751593,3.5893e-05,0.00111507,0.00112407,0.00154552,0.00133499,0.000934786,0.00019957,0.00125266,0.00372177,0.00447342,0.00251243,0.00309433,0.0101821,0.0202492,0.0208161,0.00432394,0.00251111,0.00476333,0.00909398,0.0089581,0.00402158,0.00361514,0.00729284,0.0114107,0.00393702,0.00707678,0.00661227,0.00951316,0.00630938,0.015556,0.0197727,0.0104265,0.00483207,0.016874,0.00508527,0.00412081,0.010382,0.0206481,0.0105007,0.0133852,0.0146992,0.0157664,0.0277345,0.013352,0.0181078,0.0147552,0.591171,0.591067,0.00686307,1.86612,1.86605,0.01486,0.0240236,0.425979,0.427156,0.0347672,0.0266706,0.0159872,0.0147802,0.0562539,0.0769444,0.0354609,0.0320679,0.10332,0.104862,0.105541,0.0157499,0.0180752,0.0472601,0.125704,0.0229229,0.0194672,0.163062,0.0172279,0.0530315,0.0176858,0.0271305,0.0473091,0.0433433,0.107178,0.0750042,0.104718,0.0313527,0.012804,0.0111397,0.301431,0.0318144,0.123651,0.0182447,0.212389,0.182035,0.180431,0.187527,0.519149,0.1059
0.000106887,0.000429226,0.000368959,2.33348e-05,0.000751676,3.54868e-05,0.00111518,0.000850901,0.00124869,0.00132911,0.000851202,7.4577e-05,0.00124161,0.00181676,0.00400124,0.00919661,0.00175156,0.0938053,0.0838048,0.0426134,0.00423893,0.00273398,0.0234973,0.0423835,0.0422874,0.0182598,0.0162046,0.0119766,0.0144891,0.0206336,0.0530774,0.0531072,0.0069461,0.0434886,0.0488053,0.0138083,0.0159449,0.026125,0.00678291,0.0374815,0.04475,0.0262325,0.0184861,0.0189148,0.0155585,0.0174951,0.0193493,0.0194534,0.0103588,0.0198579,0.0193653,0.0176203,0.0122422,0.0722937,12.3392,12.3398,0.0115333,0.0209062,0.390596,0.390578,0.0376441,0.0349379,0.0171053,0.0115071,0.0291076,0.0185946,0.203227,0.203229,0.0212414,0.023917,0.0129731,0.0320171,0.0320418,0.0404711,0.0281341,0.0267626,0.0318577,0.027335,0.0277298,0.0580631,0.0255485,0.0308612,0.0156783,0.0212026,0.0316432,0.0766705,0.10707,0.033411,0.0223719,0.0254552,0.0360609,0.0295222,0.122718,0.0286416,0.0510789,0.336936,0.332385,0.198092,0.124983,0.105694
1.39778e-05,4.4369e-05,0.000368962,2.50385e-06,0.000751635,0.000157362,0.000183464,0.000852274,0.00123907,0.00157493,0.000249729,0.000809705,0.00161083,0.00372331,0.0145668,0.0166881,0.0089182,0.46166,0.388651,0.26749,0.0765337,0.0921954,0.0280205,0.0158924,0.100089,0.0409259,0.0644792,0.0440562,0.0733183,0.071048,0.0901779,0.0707966,0.117693,0.152164,0.183357,0.0988722,0.0666945,0.220895,0.209814,1.14009,1.13624,0.0835443,0.0284617,0.0694442,0.102189,0.204533,0.109796,0.0813271,0.112157,0.0737026,0.0659708,0.213367,0.183158,0.231205,60.3999,60.4055,0.196705,0.144134,6.059,6.07281,0.214781,0.17175,0.263013,0.127739,0.20675,0.219453,0.149848,0.129431,0.145266,1.28102,1.2821,0.741673,0.770529,0.149534,0.107871,0.187928,0.132583,0.13575,0.085625,0.115366,0.168511,0.136677,1.03572,1.03689,0.364588,0.137314,0.0970396,0.149214,0.287865,0.301446,0.187655,0.823037,0.828289,0.0754114,0.131199,0.109399,0.137874,0.089159,0.18284,0.199524
1.39737e-05,4.43746e-05,4.86954e-05,2.59477e-06,8.38156e-05,4.05321e-05,0.000121872,0.000852057,0.00126426,0.000979015,0.000937614,0.000375678,0.00233407,0.0370655,0.034911,0.0609346,0.04312,1.33311,1.41209,0.542282,0.144817,0.0708156,0.278339,0.32094,0.386009,0.0583378,0.218756,0.0503348,0.113763,0.129562,0.4031,0.429227,0.175826,0.140471,0.153148,0.140277,0.122674,0.408718,0.399607,3.65912,3.6461,0.295648,0.120902,0.231467,0.236486,0.149289,0.496082,0.518723,0.284943,0.261644,0.195299,5.1649,5.1595,0.435991,57.2017,57.1967,0.262912,0.245912,1.57423,1.58038,0.362059,0.289697,0.269926,0.173563,0.217189,0.234183,1.57197,1.56436,0.37299,0.571479,0.490737,0.231015,0.290425,0.304173,0.528439,0.307977,0.438084,0.279867,0.480006,0.388083,0.397953,0.468228,0.611909,0.291316,0.470403,0.273374,0.292701,0.507043,0.139648,0.527365,0.674626,1.09214,0.973212,0.362208,0.202252,9.99905,10.0007,0.411181,0.417785,0.34151
1.39779e-05,4.43696e-05,4.86863e-05,6.11641e-06,9.78724e-05,0.000357061,0.000284468,0.000163774,0.00303968,0.00284253,0.00658166,0.00289942,0.00551265,0.0132291,0.0405589,0.0199642,0.0135133,3.12804,3.12605,0.168218,0.147321,0.241325,0.193187,0.536411,0.529699,0.206285,0.140453,0.149299,0.160741,0.234292,1.54989,1.55253,0.194686,0.58266,0.622622,0.223453,0.351614,0.0628119,0.227983,1.17256,1.1314,0.272104,0.473699,0.689896,1.82395,1.77114,0.724366,0.675654,0.481124,0.396536,0.447758,2.70291,2.65735,0.723015,6.8697,6.86602,0.318384,0.338781,2.77939,2.77642,2.35216,2.40277,0.418229,0.456535,2.43361,2.41829,2.15422,2.10983,0.430852,0.926252,1.1089,1.60079,1.71393,0.637611,0.548143,0.428628,0.730486,0.30539,0.534743,0.546786,0.62295,0.538867,1.63865,1.31075,1.1533,0.763029,0.636205,0.854047,0.786064,1.1341,0.715722,1.0577,0.560638,0.788707,1.38106,3.27254,3.28955,0.71505,0.781265,0.728388
1.39771e-05,4.43698e-05,4.86823e-05,2.70236e-06,8.38034e-05,2.83118e-05,0.000114195,0.000117296,0.000230618,0.000259139,0.000115418,0.00142781,0.0032634,0.00223739,0.00504832,0.0670585,0.00472808,0.594656,0.592965,0.0233005,0.384939,0.381332,0.109685,0.096535,0.10677,0.0653666,0.0989982,0.037042,0.0362402,0.0426576,0.157435,0.160361,0.0549803,0.0786975,0.0797635,0.0451075,0.105311,0.987415,0.989348,0.404762,0.41615,0.133283,0.111039,0.146809,0.0750985,0.198918,0.295766,0.232164,0.16528,0.167845,0.152306,0.160888,0.160817,0.262985,64.9018,64.9022,0.143387,0.138306,1.64389,1.62391,0.202045,0.177475,0.199042,0.124215,0.398256,0.370293,2.52352,2.53741,0.230822,0.389363,0.467237,0.555291,0.731211,0.294911,0.392039,0.261244,0.227372,0.135341,0.18166,0.493262,0.357153,0.599845,0.305465,0.349254,0.426394,0.287979,0.323659,0.456272,0.885267,0.868327,0.416689,0.3986,0.329415,0.549256,0.260996,1.44929,1.45902,0.448981,0.472414,0.367137
