1
1.35016
0.932484
0.360581
0.213646
0.0807632
0.0796022
0.0818283
0.049538
0.070089
0.0762905
0.05235
0.0375202
0.0377178
0.0283181
0.0308838
0.0288287
0.0384965
0.024147
0.0332996
0.0508107
0.0951004
0.108588
0.148128
0.196232
0.242243
0.359667
0.32444
0.218372
0.188244
0.168706
0.105951
0.0977537
0.0668245
0.0501281
0.0414379
0.0327807
0.0314829
0.0237402
0.0240729
0.0246574
0.0241842
0.0229543
0.0223052
0.0220641
0.0186687
0.016699
0.0160127
0.0162158
0.0146909
0.0146308
0.0134829
0.0156851
0.0158641
0.0129123
0.0146013
0.0143986
0.0107512
0.012393
0.0105026
0.00859581
0.00952813
0.0102266
0.00982084
0.00827034
0.00821999
0.00908507
0.00789849
0.00715459
0.00834938
0.00725092
0.00628994
0.00652095
0.00647914
0.00629584
0.00652791
0.0069883
0.00636356
0.00520731
0.0055229
0.00555827
0.00492337
0.005032
0.00559061
0.00495559
0.00451109
0.00462729
0.00485604
0.00514099
0.00437002
0.00417528
0.00417949
0.00322527
0.00380135
0.00416578
0.00397103
0.00390152
0.00381672
0.00363384
0.00368146
0.00337202
0.00322132
0.00315098
0.0026
0.00314523
0.00352805
0.00328953
0.00317828
0.00296785
0.00295118
0.00279256
0.00251537
0.00306626
0.00243889
0.00221128
0.00262143
0.00270146
0.00247227
0.00269037
0.0024575
0.00226238
0.00202643
0.00202949
0.00262649
0.00205839
0.00219404
0.00248323
0.00192015
0.0020403
0.00193507
0.00186879
0.00197409
0.0019216
0.00194984
0.0019815
0.00179618
0.00193089
0.00191049
0.00155618
0.00167314
0.00165622
0.00148427
0.00157647
0.00161669
0.00206154
0.00164736
0.00129606
0.00167725
0.00143066
0.00146377
0.00141206
0.00147305
0.00142511
0.00127161
0.00129281
0.00167485
0.00132704
0.00105812
0.00128904
0.00135843
0.00130282
0.00128149
0.00123026
0.00135128
0.0010855
0.00104519
0.0012683
0.00105975
0.00113462
0.00105617
0.000994156
0.00117574
0.00118417
0.00116451
0.00101885
0.000851065
0.000917987
0.00101951
0.000857976
0.00101713
0.00106002
0.000914491
0.000922153
0.000902964
0.000924843
0.000835959
0.000817823
0.000877456
0.000917293
0.000797361
0.000748726
0.000847927
0.000811441
0.000753908
0.000760936
0.000738199
0.000736814
0.000714117
0.000780755
0.00073575
0.000701677
0.000706499
0.000625236
0.0006045
0.000696861
0.000741161
0.000615674
0.00059658
0.000669893
0.000716125
0.000650583
0.000550602
0.000567771
0.000550116
0.000549615
0.00062385
0.00059858
0.000604894
0.000518817
0.000594271
0.000574817
0.000539006
0.000588922
0.000613122
0.000541651
0.000542127
0.000638022
0.00063039
0.000565021
0.000574807
0.000647611
0.000601044
0.000580882
0.000665843
0.00062898
0.000563592
0.000628777
0.000552267
0.000491243
0.000416394
0.000427339
0.000429963
0.000351945
0.000368703
0.00030845
0.000259882
0.000242081
0.00026265
0.000239614
0.000174989
0.000178628
0.000165001
0.000164769
0.000155167
0.000169858
0.000152557
0.000117946
0.000110038
0.000116228
0.000101074
9.00915e-05
8.11706e-05
7.65994e-05
6.76993e-05
5.34164e-05
5.01696e-05
4.67181e-05
3.79057e-05
3.79406e-05
4.19617e-05
3.42314e-05
3.04249e-05
2.69389e-05
2.92114e-05
2.8901e-05
2.13657e-05
2.89344e-05
2.70194e-05
2.44079e-05
2.45431e-05
3.00968e-05
2.8072e-05
2.32324e-05
2.22847e-05
2.52626e-05
2.40853e-05
1.74729e-05
1.71586e-05
1.72559e-05
1.82309e-05
1.74799e-05
2.15837e-05
2.08354e-05
1.7988e-05
1.69537e-05
2.4752e-05
2.41335e-05
2.25039e-05
2.09589e-05
2.37826e-05
2.51238e-05
2.50651e-05
2.60974e-05
3.69515e-05
2.87936e-05
2.46487e-05
3.78993e-05
2.8291e-05
2.81404e-05
2.55718e-05
3.55067e-05
2.93807e-05
2.62929e-05
3.40172e-05
3.82863e-05
3.45303e-05
3.49129e-05
4.22336e-05
3.49411e-05
3.07936e-05
3.53046e-05
4.96611e-05
3.29762e-05
3.48379e-05
3.93567e-05
3.7747e-05
3.75992e-05
3.6327e-05
3.64821e-05
2.8838e-05
2.43135e-05
3.42283e-05
3.59683e-05
2.62789e-05
2.21632e-05
3.27071e-05
2.7964e-05
2.16345e-05
2.7301e-05
2.45206e-05
2.36776e-05
1.64681e-05
2.94699e-05
2.0762e-05
1.54198e-05
1.89485e-05
2.21324e-05
1.3933e-05
1.57117e-05
1.57247e-05
1.46368e-05
1.13903e-05
1.12062e-05
1.47927e-05
1.02308e-05
9.67016e-06
1.2021e-05
9.98156e-06
7.91465e-06
1.07467e-05
9.58646e-06
1.00286e-05
7.48302e-06
8.19366e-06
7.86654e-06
6.91348e-06
6.62336e-06
1.02961e-05
6.3352e-06
5.30584e-06
5.84889e-06
6.66882e-06
5.28893e-06
4.40683e-06
4.57749e-06
4.73539e-06
3.54519e-06
5.4791e-06
6.1776e-06
3.72731e-06
4.32449e-06
4.83653e-06
4.73662e-06
3.38397e-06
3.35147e-06
4.04981e-06
4.29235e-06
2.81884e-06
4.5193e-06
3.85943e-06
3.03772e-06
3.54885e-06
3.51936e-06
2.38877e-06
2.68438e-06
2.22612e-06
3.19201e-06
2.05935e-06
2.51585e-06
3.63419e-06
2.47205e-06
2.33296e-06
2.60271e-06
2.23261e-06
2.03074e-06
1.91242e-06
2.42894e-06
2.95061e-06
1.52815e-06
1.7647e-06
2.22704e-06
1.81762e-06
1.44264e-06
1.94616e-06
1.2156e-06
1.35184e-06
1.38739e-06
1.4342e-06
1.15029e-06
9.19092e-07
9.41409e-07
1.1893e-06
7.74309e-07
8.49876e-07
1.10187e-06
8.66316e-07
1.02164e-06
7.00331e-07
8.52442e-07
1.00893e-06
8.89523e-07
9.65006e-07
1.04689e-06
1.11405e-06
1.1512e-06
1.05114e-06
1.69944e-06
9.74226e-07
8.61358e-07
1.07023e-06
1.17464e-06
9.15909e-07
8.48177e-07
6.86862e-07
7.41078e-07
5.72304e-07
5.88974e-07
6.63374e-07
3.66392e-07
2.89965e-07
5.38059e-07
3.24385e-07
3.1219e-07
3.20434e-07
2.81404e-07
3.43198e-07
2.54518e-07
2.87356e-07
2.76124e-07
2.96537e-07
2.48806e-07
3.16289e-07
2.77553e-07
3.58802e-07
3.21977e-07
3.88356e-07
5.26369e-07
4.24881e-07
4.42499e-07
6.46215e-07
7.87394e-07
6.90757e-07
6.57887e-07
7.01768e-07
7.48524e-07
5.43089e-07
5.8564e-07
4.03606e-07
3.07361e-07
2.23256e-07
2.33606e-07
1.86656e-07
1.29649e-07
9.27152e-08
6.11185e-08
5.90986e-08
4.95002e-08
3.18407e-08
2.07562e-08
1.95788e-08
1.18339e-08
9.59175e-09
5.77286e-09
5.77353e-09
4.89592e-09
2.55141e-09
1.93583e-09
1.73283e-09
1.2984e-09
1.25581e-09
6.22142e-10
5.88888e-10
4.68103e-10
3.6401e-10
2.85216e-10
2.00362e-10
1.5277e-10
9.79794e-11
7.24383e-11
5.47384e-11
5.0861e-11
3.0702e-11
1.70804e-11
2.1157e-11
1.46686e-11
9.93933e-12
7.53652e-12
4.70843e-12
4.40694e-12
2.89378e-12
1.50839e-12
1.29856e-12
9.48281e-13
8.35311e-13
4.37461e-13
2.79084e-13
2.61569e-13
2.18516e-13
1.06226e-13
7.61745e-14
5.83621e-14
3.21657e-14
1.95506e-14
1.5809e-14
1.09294e-14
8.32441e-15
7.53054e-15
4.60945e-15
3.6076e-15
2.16071e-15
2.06017e-15
1.18011e-15
9.50612e-16
5.88342e-16
4.17185e-16
2.46151e-16
1.79094e-16
