1
3.12625
4.73237
9.46819
9.71707
54.3177
6.9989
56.1797
6.64056
350.49
7.96671
1749.37
7.38581
516.096
6.73029
106.549
6.79468
23.1592
7.53861
7.80182
16.9954
7.65782
146.935
7.28977
877.415
7.77287
1475.5
7.1025
1562.12
8.00624
445.135
7.33792
67.5512
7.73912
14.7786
7.17532
8.09985
23.1052
7.3117
126.362
7.21712
710.525
6.62796
1749.56
8.01792
403.021
5.61202
185.533
6.34806
200.885
6.60299
52.1433
6.31
12.142
6.05482
6.09493
17.8555
5.31474
78.372
4.72947
211.915
5.72828
733.582
4.95764
1712.6
5.08655
890.565
6.24165
122.88
6.61933
122.439
4.31363
76.0211
4.5328
18.439
4.84682
6.59678
4.81096
4.86946
8.84147
4.40451
28.3801
6.62153
257.419
4.42898
1151.65
4.34168
871.492
6.71552
171.249
3.77328
339.763
4.51189
166.426
5.20366
16.3269
3.7837
6.56507
3.67746
4.03298
5.77419
3.68927
14.2715
5.63645
153.524
3.67243
558.843
3.91175
1019.09
5.52566
296.341
3.85624
568.526
3.84604
206.105
5.25385
36.1058
5.47884
4.49409
8.23552
3.70264
17.1499
5.59062
133.265
3.82131
578.753
3.91302
1046.4
5.47011
439.922
3.62125
347.07
6.11315
201.513
3.52604
131.397
3.60717
47.8123
4.92443
9.28662
4.07845
4.85857
6.37058
4.70856
38.8666
4.81291
294.338
4.2445
1346.98
3.25482
822.784
6.06892
192.581
3.24809
408.886
3.69882
72.656
4.29521
17.8757
5.70333
3.61918
6.26509
3.147
9.61206
3.00886
16.7697
3.00225
30.1784
4.20162
131.931
4.45384
749.293
3.99559
1209.43
3.02327
1008.62
5.61295
224.884
2.97569
139.81
3.68643
23.4813
4.30916
5.81613
7.25346
3.25174
14.9759
3.08315
26.7785
3.68116
77.676
3.49052
316.379
3.0103
88.6065
4.65731
596.549
3.02248
780.241
4.75987
126.383
3.45996
22.9824
3.05172
7.07669
5.39043
2.62303
11.8598
3.24485
39.4128
3.01793
446.082
2.99022
556.881
3.09413
615.331
3.3174
420.769
3.39627
54.5103
2.63463
19.6515
3.38825
2.98613
3.53761
2.96513
9.50267
2.69734
109.922
2.5996
362
2.00879
695.996
1.79748
526.302
2.18968
287.722
2.1354
555.572
2.09396
202.798
1.58056
104.442
1.63748
25.6746
1.94583
6.15105
1.97283
2.025
4.38967
1.97075
35.5145
1.39742
76.4962
2.09347
92.2283
1.50841
152.814
2.01618
417.834
1.48433
108.875
1.98004
9.98077
1.777
2.44249
1.4789
1.64155
1.65115
1.44604
2.88425
1.7836
44.6357
1.38817
91.5719
1.6742
180.983
1.16794
404.227
1.14635
96.9871
1.4167
22.2416
0.864097
11.6361
1.10459
2.13448
1.28386
0.957627
2.02113
0.717803
2.69861
0.858222
6.73259
0.831298
13.7752
0.603016
7.96058
0.753459
23.8868
0.720161
146.408
0.929473
105.996
0.590691
32.7646
0.936849
3.36261
0.558863
1.849
0.523864
1.38392
0.612093
1.72153
0.869418
1.16895
1.80642
0.572202
4.50291
1.05483
49.6166
0.612925
137.07
0.908978
59.5218
0.645604
19.8124
0.627738
5.23062
0.712955
1.64937
0.81961
0.699068
2.13117
0.953755
1.39068
0.644717
9.41559
0.841495
49.7035
0.593275
180.703
1.04216
46.6514
0.581869
19.8178
0.620708
6.18105
0.677367
1.49731
0.784319
0.856525
1.13733
0.924546
0.800268
0.799685
1.10461
0.659237
4.98776
0.526507
10.0165
0.565195
24.3048
0.569391
62.1158
0.830919
143.418
0.779547
10.5824
0.571958
4.70286
0.522744
9.02731
0.625906
4.70645
0.492951
1.95784
0.557412
0.862166
2.41546
0.490547
8.66617
0.698679
49.9039
0.461544
177.146
0.505285
83.9527
0.500545
20.6504
0.659656
10.4776
0.528799
3.68185
0.487999
1.27358
0.634895
0.449652
2.31497
0.492486
10.4631
0.550887
94.7856
0.434428
57.0769
0.521419
17.8614
0.329157
10.1486
0.409155
4.20242
0.386388
3.46287
0.458434
0.964889
0.313323
0.548772
0.525628
0.511527
3.06979
0.287612
13.1525
0.257602
16.5097
0.337275
53.4031
0.245881
100.389
0.252714
64.6074
0.352328
53.2062
0.253065
47.3036
0.31609
13.5638
0.222466
4.53886
0.475228
0.396766
0.251485
0.308472
0.348425
0.312732
2.52762
0.263698
8.42682
0.247334
55.9149
0.219594
52.1309
0.318433
70.7147
0.30773
16.0593
0.219319
4.00227
0.269835
0.660615
0.31647
0.253797
1.14401
0.215008
3.16443
0.343887
36.976
0.218063
56.3581
0.21967
15.5989
0.257552
8.43452
0.243217
3.75217
0.180228
1.53765
0.174606
0.370124
0.349997
0.16569
0.412157
0.254959
1.82035
0.155361
6.32204
0.267872
40.9364
0.141433
56.2015
0.17213
21.51
0.201342
17.8774
0.150149
10.6508
0.119218
7.3817
0.127143
1.85187
0.202179
0.273138
0.311989
0.120891
0.634883
0.112821
0.845588
0.167559
2.64642
0.135187
25.1441
0.107945
6.25746
0.155055
7.93745
0.136866
47.2563
0.150743
24.2347
0.126122
5.45261
0.212778
0.710643
0.112656
0.311127
0.225286
0.123824
0.536243
0.162393
2.62605
0.133469
4.59969
0.104392
2.14286
0.129789
4.31785
0.136157
37.0269
0.112573
28.5011
0.138296
9.22315
0.123483
1.73737
0.110365
1.02774
0.115595
0.18377
0.166816
0.136116
0.173216
0.16995
0.210066
0.14814
1.46489
0.125055
7.35896
0.101216
27.6498
0.160229
6.527
0.107209
0.992134
0.117841
0.180105
0.129166
0.108158
0.510056
0.103615
1.65952
0.0883941
1.23649
0.087646
3.42709
0.0701286
7.42599
0.109748
19.1131
0.0714576
7.49282
0.0933136
0.630746
0.0836211
0.166491
0.0601382
0.128611
0.181809
0.0570766
0.571431
0.0746728
0.496496
0.052439
0.580957
0.0611141
2.06533
0.052761
5.66731
0.05141
15.0324
0.0509753
11.1237
0.0544985
1.78383
0.0803714
0.193395
0.0400177
0.132946
0.0427446
0.132139
0.0768172
0.0670788
0.054751
0.0458433
0.0729877
0.0594926
0.523171
0.0377562
1.62034
0.0555581
6.42122
0.038338
12.6036
0.0322421
7.21252
0.0401897
1.11217
0.047678
0.215284
0.034083
0.40242
0.0485059
0.0982803
0.0297134
0.0648966
0.0310703
0.0580724
0.218408
0.0288723
0.487268
0.0387982
2.49686
0.043638
7.91593
0.036104
1.77165
0.0389654
0.323122
0.0344896
0.557037
0.0343805
0.156088
0.044603
0.0439253
0.143527
0.0355718
0.823922
0.0326699
2.61185
0.0393094
12.0368
0.0261875
9.81889
0.0318666
2.21342
0.0417652
0.394083
0.0346684
0.863247
0.0378587
0.157338
0.0329448
0.0759631
0.028996
0.0543208
0.0439808
0.0456636
0.416511
0.0329385
1.05678
0.0362621
3.67548
0.0443211
7.48095
0.0333635
5.62133
0.0334118
7.26278
0.0305438
11.5009
0.0276667
7.38583
0.0463911
0.789226
0.0417532
0.0765099
0.0410186
0.0552494
0.177562
0.0326024
0.894963
0.0492757
8.53171
0.0300609
11.102
0.0473723
4.85942
0.0315097
7.59162
0.0509441
0.639856
0.0280963
0.379397
0.0331884
0.0710923
0.0347192
0.0381788
0.0348017
0.0356454
0.0865989
0.0287155
0.277812
0.0306169
0.694095
0.0350526
2.71409
0.0282366
1.18743
0.0338229
5.67959
0.0355977
4.10068
0.0313395
0.455507
0.0343426
0.108649
0.0246868
0.0437173
0.0395843
0.0248937
0.0634169
0.0350676
0.812608
0.0307454
2.51287
0.0233855
3.61832
0.0207483
3.83809
0.0284727
5.94382
0.0299408
1.2071
0.0235782
0.216515
0.0243607
0.0768724
0.0310414
0.0199525
0.0586998
0.0190798
0.107912
0.0274211
1.86515
0.0165661
0.625233
0.027765
1.58634
0.0240672
4.79161
0.0189288
2.13796
0.024748
0.304009
0.0162799
0.152094
0.015108
0.0857301
0.017974
0.023136
0.0488397
0.0144669
0.0700771
0.024884
0.0639131
0.0153007
0.151872
0.0168909
0.462362
0.0225589
4.69874
0.0174872
1.94214
0.0205229
0.219455
0.0191797
0.05527
0.0132616
0.0341147
0.0123294
0.0251615
0.0126367
0.0869858
0.012154
0.0584357
0.0144055
0.0172471
0.0313884
0.0120143
0.109543
0.0101721
0.204706
0.018472
1.71284
0.0111676
2.67142
0.013345
0.85186
0.0144852
0.132536
0.0111222
0.126559
0.0110195
0.0549014
0.0130545
0.0149536
0.0328032
0.00790499
0.100129
0.00770271
0.151358
0.0111563
1.60873
0.00734815
1.91619
0.012095
0.373755
0.00915832
0.0918003
0.00690533
0.159251
0.00770225
0.0673639
0.00855654
0.0127075
0.00907283
0.00740143
0.0349171
0.00796256
0.182558
0.00738725
1.36162
0.00703483
1.31313
0.0058487
0.461715
0.00831885
0.0377378
0.00517283
0.10768
0.0050589
0.0709192
0.00498508
0.0315919
0.00497319
0.00768588
0.00891945
0.00652693
0.0480956
0.00421239
0.168686
0.00652066
1.05133
0.00387874
1.68705
0.00406328
1.39943
0.00493395
0.823188
0.00526702
0.45944
0.00459987
0.0485264
0.00490079
0.0153355
0.00374072
0.00723653
0.00769411
0.00466142
0.0424778
0.00360525
0.110865
0.00369314
0.309551
0.00493806
0.878261
0.00340845
1.25312
0.00293183
0.93332
0.00480526
0.273589
0.00260966
0.13402
0.00416328
0.012158
0.00410639
0.0029429
0.00719654
0.00228065
0.00925975
0.00253879
0.0178334
0.0028326
0.0665575
0.00355865
0.0804448
0.00242879
0.128379
0.0034269
0.775949
0.00233346
0.435789
0.00364597
0.0547355
0.00219505
0.0218133
0.0035798
0.00278938
0.0061201
0.0024241
0.0257617
0.00242279
0.0730422
0.00247395
0.0458678
0.00284412
0.297614
0.00196876
0.536789
0.00271324
0.442538
0.00332784
0.0381196
0.00199346
0.0151235
0.00321461
0.00299759
0.00275218
0.00320417
0.0199161
0.00245036
0.0520602
0.00231189
0.0823581
0.00194367
0.0757482
0.00189378
0.151435
0.00259646
0.469515
0.00254602
0.189351
0.00271872
0.056687
0.00200311
0.0140112
0.00343313
0.0027046
0.00280894
0.00313397
0.0124425
0.00193182
0.0101071
0.00213346
0.00428582
0.00340514
0.0614337
0.0018356
0.100939
0.00279059
0.522324
0.00186358
0.682682
0.00308194
0.128353
0.00186001
0.0636589
0.00186649
0.026975
0.00227436
0.00781887
0.00261619
0.00724231
0.00269748
0.00262449
0.00246709
0.0023164
0.00529773
0.00268708
0.0377031
0.00222495
0.293984
0.0020648
0.525277
0.0025078
0.161641
0.00273589
0.0242814
0.00246162
0.00347742
0.00287861
0.00736182
0.00180195
0.00643218
0.002547
0.00238275
0.00905948
0.00346465
0.10273
0.00175874
0.181702
0.00340391
0.455732
0.00189128
0.379004
0.00349134
0.0330735
0.00181237
0.0207681
0.00225072
0.0119596
0.00255162
0.0102963
0.00201698
0.00469608
0.00467692
0.00227774
0.0173977
0.00220722
0.0657883
0.00263724
0.306782
0.00210629
0.783568
0.00238086
0.315741
0.00191432
0.234158
0.00172501
0.685193
0.00186821
0.72892
0.00197523
0.362017
0.00287123
0.0485656
0.00267188
0.00571339
0.00234471
0.00287983
0.00687425
0.00259592
0.037653
0.00214262
0.327336
0.00286999
0.315429
0.00234891
0.146759
0.00236062
0.0717956
0.00217028
0.0145216
0.00288382
0.0023968
0.00263033
0.00205727
0.00875036
0.00304203
0.117665
0.0015839
0.338774
0.00190512
0.547726
0.00163768
0.406957
0.00160881
0.360495
0.00191458
0.35771
0.00153697
0.194708
0.00150253
0.0988068
0.00164486
0.0135062
0.00173679
0.00422626
0.0015648
0.0019277
0.00629007
0.00143526
0.0208151
0.00142039
0.0788225
0.00158547
0.205567
0.00132639
0.21283
0.00127501
0.236874
0.00152555
0.0820172
0.00167588
0.0123072
0.00108853
0.00284587
0.00158198
0.00120018
0.00243277
0.00138778
0.0254959
0.000957484
0.0658787
0.00126262
0.139559
0.00102972
0.211626
0.000856019
0.238009
0.00149002
0.0649713
0.00100982
0.0129505
0.0010042
0.00278282
0.0015278
0.000895688
0.00393773
0.000802833
0.00862483
0.000758816
0.015653
0.00123125
0.0824958
0.00086711
0.0508485
0.000890567
0.222838
0.000762558
0.260338
0.000679435
0.227368
0.000712664
0.0429933
0.000885555
0.0110839
0.000671862
0.00207596
0.00131663
0.000635898
0.0016325
0.000617097
0.00233281
0.000864047
0.0022911
0.000693895
0.00418725
0.000738958
0.0206583
0.0008213
0.130538
0.000548136
0.230725
0.000472437
0.208005
0.000463279
0.0959094
0.000839123
0.00724965
0.000616203
0.00136545
0.000768926
0.000903838
0.000753599
0.000820683
0.00097325
0.000527427
0.00697567
0.00051186
0.0192459
0.000671374
0.139043
0.000507663
0.051844
0.000702267
0.00690083
0.000440152
0.00245586
0.000412647
0.00145366
0.000412747
0.00229803
0.000635433
0.000785885
0.000935767
0.000504159
0.00677509
0.000475309
0.0577098
0.000545981
0.108234
0.000367486
0.0839668
0.000399883
0.0156763
0.000452078
0.00356142
0.000586018
0.000642686
0.00042982
0.00191632
0.000325034
0.00190487
0.000337143
0.000882076
0.000448428
0.000410682
0.000471906
0.000377719
0.000753836
0.000418754
0.00378843
0.000399437
0.0189211
0.000371656
0.0949502
0.000454732
0.0298704
0.000383179
0.0138449
0.000357889
0.00967922
0.000384467
0.00188137
0.000331827
0.000393581
0.000474705
0.000503216
0.00380401
0.00023914
0.0134584
0.000529612
0.074696
0.000230343
0.0524794
0.000357456
0.00599508
0.000350224
0.0038956
0.000237555
0.00382429
0.00025783
0.001045
0.000232419
0.000457405
0.000359114
0.000250403
0.00118005
0.000286328
0.0105717
0.000241464
0.0325199
0.000246169
0.0791716
0.000177282
0.0758681
0.000185312
0.0479532
0.000285717
0.0460549
0.000183991
0.013284
0.000220369
0.00372227
0.000251822
0.000329413
0.000208286
0.000224609
0.000190967
0.000248687
0.000269425
0.000200375
0.00244677
0.000196959
0.0056404
0.000177876
0.0160771
0.000305302
0.0316243
0.000142191
0.0613928
0.000203133
0.0194561
0.000163969
0.00683864
0.000174494
0.00102427
0.000252583
0.000185696
0.000288445
0.000261935
0.00208544
0.000143327
0.00850931
0.000196167
0.0110179
0.000174334
0.0265114
0.00017577
0.0505455
0.000148147
0.0426302
0.000162363
0.0159722
0.000172613
0.00219836
0.000167347
0.000934509
0.00012739
0.000544106
0.00017562
0.000178004
0.000388352
0.000158316
0.000436708
0.00020175
0.000534518
0.000203787
0.00372005
0.000153472
0.0326169
0.000130844
0.0403019
0.000211359
0.0132404
0.000160818
0.00233945
0.000149475
0.000852743
0.000148137
0.000309529
0.000349731
0.000162575
0.00033587
0.000204495
0.00061233
0.000161739
0.00313899
0.000122059
0.00510595
0.000205238
0.026404
0.000116726
0.0468568
0.000211211
0.0116726
0.000136492
0.00222377
0.000181637
0.000316987
0.000194242
0.000166977
0.000280337
0.000182811
0.000267239
0.000172763
0.00258805
0.000102326
0.00434929
0.000134983
0.0101931
0.000130438
0.044346
0.000129835
0.0157163
0.000118037
0.00373035
0.000173326
0.000360795
0.00015584
0.000189062
0.000254438
0.000131936
0.000281636
0.000117864
0.000871553
0.000108244
0.00315617
9.63763e-05
0.00694074
0.00011034
0.0160142
0.000120475
0.0352906
0.000106669
0.0149378
9.82065e-05
0.00612529
0.000132313
0.00162874
0.000100153
0.00227729
0.000103462
0.000353934
0.000113806
0.000128429
0.000106715
9.98376e-05
0.000221848
9.95821e-05
0.000756495
0.000116515
0.00323629
0.000102491
0.0223135
0.000118641
0.0115212
8.3574e-05
0.0205866
0.000119927
0.0064711
7.93609e-05
0.0023418
0.000156498
0.000179201
8.63145e-05
0.000139136
0.000539892
8.85054e-05
0.00206753
9.65097e-05
0.0133866
7.57845e-05
0.028375
7.67383e-05
0.020009
7.72858e-05
0.022967
9.25085e-05
0.0109064
0.000101569
0.00152953
6.80253e-05
0.000753229
6.48072e-05
0.000336258
9.77051e-05
8.57395e-05
0.000168862
9.19354e-05
0.000903658
7.02893e-05
0.0041649
6.89545e-05
0.0111992
6.65864e-05
0.00457655
9.45137e-05
0.0222675
8.51762e-05
0.00579121
5.79552e-05
0.00246494
0.000106852
0.00022572
5.41884e-05
0.000178406
6.13167e-05
9.02483e-05
0.000401792
6.61089e-05
0.0009896
5.87467e-05
0.00274182
5.57056e-05
0.000670533
8.72e-05
0.00633971
5.49377e-05
0.00907227
6.86894e-05
0.0170352
8.76846e-05
0.00211169
5.24515e-05
0.00107467
7.12934e-05
0.000121614
5.54954e-05
8.20771e-05
0.000123711
5.13409e-05
0.000559853
7.24291e-05
0.000789455
4.87139e-05
0.000979095
5.86667e-05
0.00518506
4.312e-05
0.0116586
4.16589e-05
0.0107056
6.11781e-05
0.00352174
3.6184e-05
0.00153075
4.95771e-05
0.000140358
4.941e-05
5.35513e-05
8.93619e-05
4.61151e-05
7.55573e-05
6.26721e-05
0.000388136
3.28055e-05
0.000906158
6.17926e-05
0.0116993
3.19605e-05
0.00908647
3.44083e-05
0.0041609
2.78579e-05
0.00204164
3.85365e-05
0.000258094
3.10502e-05
0.000114569
2.69628e-05
0.000364544
4.27973e-05
5.02904e-05
3.06328e-05
5.10808e-05
0.000171552
2.47288e-05
0.000676954
2.87102e-05
0.00212617
3.57974e-05
0.00672361
3.1714e-05
0.00228519
2.98543e-05
0.000394773
2.70711e-05
0.000140974
2.41974e-05
0.000257977
3.39969e-05
5.33113e-05
2.90544e-05
2.6175e-05
3.9097e-05
2.55128e-05
0.000124767
2.87461e-05
0.000562436
2.42344e-05
0.00502713
3.21923e-05
0.00341109
2.0361e-05
0.00229498
1.94275e-05
0.00136082
2.32498e-05
0.00282353
3.07251e-05
0.00031561
2.21339e-05
0.000103654
3.54109e-05
2.49292e-05
3.53524e-05
2.82212e-05
0.000173236
3.03779e-05
0.00118258
2.15973e-05
0.00517392
2.54771e-05
0.00456069
2.4448e-05
0.000920266
2.82165e-05
0.00107202
2.01251e-05
0.000686323
2.39189e-05
8.67234e-05
2.30375e-05
4.59159e-05
1.94139e-05
4.38389e-05
8.81195e-05
1.82406e-05
0.000246254
2.20178e-05
0.000547402
2.66102e-05
0.00367056
2.72083e-05
0.00571097
1.81719e-05
0.00471893
3.56316e-05
0.00212883
1.70052e-05
0.00159532
2.4482e-05
0.000392917
1.88817e-05
0.000170147
2.12915e-05
5.56176e-05
2.38979e-05
2.42102e-05
6.61663e-05
2.80137e-05
0.000462825
1.75682e-05
0.00108092
2.45457e-05
0.000984009
2.44593e-05
0.00323539
2.44303e-05
0.00416882
2.01129e-05
0.00101339
2.65047e-05
0.000106854
2.1954e-05
2.7059e-05
2.6571e-05
2.0487e-05
8.28183e-05
2.32784e-05
0.000559145
1.96079e-05
0.0031106
2.08565e-05
0.00144481
1.90478e-05
0.00575267
1.92691e-05
0.0030082
2.37871e-05
0.000454577
2.10329e-05
8.03679e-05
2.70313e-05
2.1467e-05
6.9784e-05
1.73991e-05
0.00019165
1.62087e-05
0.000386931
2.96299e-05
0.00360538
1.43552e-05
0.00153223
1.83029e-05
0.00205807
1.79844e-05
0.0039768
2.78508e-05
0.000378649
1.41677e-05
0.000259851
2.36525e-05
3.01699e-05
1.62487e-05
2.25658e-05
1.57018e-05
1.93911e-05
1.61713e-05
1.67947e-05
2.02987e-05
2.61406e-05
2.80531e-05
1.95096e-05
8.43541e-05
1.31489e-05
0.000229541
1.91979e-05
0.00207753
1.15652e-05
0.00357879
1.23948e-05
0.00448686
2.02083e-05
0.000555834
1.33484e-05
0.000192599
1.47349e-05
3.99192e-05
1.95296e-05
2.15243e-05
1.58028e-05
2.13283e-05
2.32895e-05
1.12788e-05
4.43568e-05
1.61056e-05
0.000177184
1.43649e-05
0.00107774
1.2386e-05
0.00447475
1.29792e-05
0.00117439
1.32164e-05
0.00038939
1.49757e-05
3.65069e-05
1.46755e-05
2.96246e-05
1.33903e-05
3.08075e-05
1.2573e-05
1.71186e-05
5.79074e-05
1.2952e-05
0.000243431
1.22269e-05
0.00137695
1.39129e-05
0.00251843
1.11917e-05
0.00147579
9.77414e-06
0.000818155
9.59874e-06
0.000331204
1.4834e-05
0.000115497
9.24988e-06
0.000160121
1.76505e-05
2.70945e-05
1.02845e-05
1.53082e-05
5.44438e-05
1.37523e-05
0.000431355
1.06312e-05
0.00164574
1.17672e-05
0.00240849
1.0651e-05
0.000480486
1.09385e-05
0.000145089
1.28704e-05
3.00663e-05
9.51739e-06
8.6938e-05
1.01225e-05
3.24122e-05
1.01341e-05
1.37414e-05
1.04235e-05
9.87284e-06
1.37224e-05
1.00057e-05
3.22668e-05
9.02752e-06
0.000147653
1.39362e-05
0.00129569
7.65282e-06
0.00257268
1.4857e-05
0.000384569
7.67735e-06
0.00075524
9.5835e-06
0.000348741
9.24739e-06
3.01682e-05
9.81298e-06
1.04731e-05
8.95087e-06
1.27124e-05
5.33734e-05
8.4359e-06
0.000267589
1.04771e-05
0.00187179
8.46051e-06
0.00108741
7.41369e-06
0.000338543
7.32531e-06
0.000364976
9.20664e-06
0.000212276
6.58816e-06
3.91816e-05
1.01426e-05
1.09981e-05
7.57699e-06
9.35123e-06
5.45142e-05
5.56621e-06
0.000119401
5.33413e-06
0.000197252
6.34089e-06
0.000496024
8.06342e-06
0.00162267
6.10429e-06
0.00225001
4.78812e-06
0.00200076
4.69514e-06
0.00183787
8.28481e-06
0.000476471
5.78285e-06
8.4014e-05
6.25645e-06
1.57511e-05
6.88473e-06
6.31042e-06
9.85719e-06
6.82601e-06
0.000129057
7.57365e-06
0.000857234
4.65441e-06
0.000685098
6.93236e-06
0.00141328
6.80948e-06
0.000408789
4.43801e-06
0.00022657
4.70123e-06
3.15262e-05
5.68216e-06
9.23963e-06
1.05388e-05
3.89124e-06
2.38291e-05
3.98232e-06
4.26671e-05
6.26361e-06
0.000484183
3.67915e-06
0.000599823
4.25609e-06
0.000263594
4.82225e-06
0.00151694
3.39998e-06
0.000923983
6.23788e-06
9.45926e-05
3.61812e-06
4.45028e-05
4.22374e-06
1.4671e-05
3.53838e-06
8.65254e-06
4.28938e-06
4.53023e-06
5.81457e-06
4.57948e-06
1.78924e-05
3.79431e-06
1.26602e-05
5.24302e-06
3.27159e-05
4.77468e-06
0.000366044
3.21015e-06
0.00078189
4.66449e-06
0.000695623
4.2641e-06
0.000121762
3.63679e-06
4.25304e-05
3.92084e-06
8.37352e-06
4.20109e-06
4.65145e-06
1.18108e-05
3.77163e-06
1.20259e-05
4.9971e-06
5.22336e-05
3.27064e-06
0.000137992
4.63232e-06
0.00090613
3.7237e-06
0.000480813
4.10393e-06
4.06033e-05
3.99457e-06
7.69139e-06
4.1876e-06
3.18334e-06
5.62554e-06
4.71725e-06
2.73666e-05
2.92245e-06
2.88763e-05
5.38946e-06
0.000177867
2.47555e-06
0.000300453
2.96621e-06
0.000484279
3.55858e-06
0.000777422
3.09772e-06
0.00018302
3.68552e-06
3.22719e-05
3.28562e-06
6.42044e-06
3.66861e-06
3.51549e-06
2.7875e-05
2.21755e-06
2.54e-05
4.43645e-06
3.55217e-05
2.18845e-06
8.69676e-05
2.92818e-06
0.000281719
2.1249e-06
0.000555773
2.7703e-06
0.000504202
2.41979e-06
0.000240136
2.03108e-06
0.000145275
1.88499e-06
7.91393e-05
2.4583e-06
1.21474e-05
2.17057e-06
2.8914e-05
2.38097e-06
6.51943e-06
2.77507e-06
2.55879e-06
6.17446e-06
1.90146e-06
1.49214e-05
3.10053e-06
0.000179138
2.18176e-06
0.000614821
1.99762e-06
0.000366083
2.19799e-06
8.96261e-05
2.91708e-06
6.05354e-06
1.86412e-06
1.26623e-05
2.52866e-06
2.79458e-06
2.72725e-06
2.4387e-06
8.79894e-06
1.9519e-06
6.13263e-05
1.56452e-06
0.000108843
1.55815e-06
0.000157545
2.73309e-06
0.000487203
1.64612e-06
0.000431221
2.2437e-06
5.67319e-05
1.76078e-06
5.7764e-05
2.80422e-06
2.56818e-05
1.54282e-06
1.66291e-05
2.73312e-06
2.14104e-06
2.13327e-06
2.17989e-06
5.43782e-06
1.75513e-06
4.63996e-05
1.83023e-06
0.000142029
1.74113e-06
0.00052775
2.0214e-06
0.000184569
1.63669e-06
0.00014666
1.4147e-06
0.000374122
1.58526e-06
9.39827e-05
2.47847e-06
6.78372e-06
1.5412e-06
3.1276e-06
2.43924e-06
1.83842e-06
1.4237e-05
1.612e-06
8.56817e-05
1.39181e-06
0.00020623
2.2438e-06
0.000206612
1.37868e-06
0.000197593
1.37443e-06
0.000178143
2.0776e-06
1.83167e-05
1.46426e-06
4.82213e-06
1.40067e-06
1.92277e-06
1.53303e-06
1.58773e-06
3.897e-06
1.23918e-06
1.0891e-05
1.50882e-06
6.69816e-05
9.66997e-07
0.000118035
9.92108e-07
9.78584e-05
1.3915e-06
7.7132e-05
1.17946e-06
0.000221607
1.11535e-06
0.000334204
1.46187e-06
3.61362e-05
1.03811e-06
1.76931e-05
1.30924e-06
1.99911e-06
1.45242e-06
1.45762e-06
5.41459e-06
1.06648e-06
3.44345e-05
1.06195e-06
9.60671e-05
1.38733e-06
0.000130912
9.21419e-07
0.000283405
8.92371e-07
0.000249011
1.34197e-06
4.18463e-05
9.77932e-07
9.10329e-06
1.04395e-06
2.46196e-06
1.73307e-06
9.16469e-07
5.22557e-06
1.15993e-06
2.38862e-05
9.37289e-07
0.000108031
1.4565e-06
0.000110197
8.15339e-07
0.00032606
1.27057e-06
6.48044e-05
1.02666e-06
8.81754e-06
1.12498e-06
2.06784e-06
1.20839e-06
1.06257e-06
3.34871e-06
9.66964e-07
1.7192e-05
1.16727e-06
0.000109029
8.24592e-07
0.000122649
7.46792e-07
4.52908e-05
9.1279e-07
0.000107281
9.98975e-07
0.000154735
1.26796e-06
4.17347e-05
6.91147e-07
4.01469e-05
6.67775e-07
3.27595e-05
6.9411e-07
2.23287e-05
7.25833e-07
1.11931e-05
8.3828e-07
5.35223e-06
8.1197e-07
5.33513e-06
1.18965e-06
9.89502e-07
8.20969e-07
1.01701e-06
1.97974e-06
7.80008e-07
9.46071e-06
9.63754e-07
9.10015e-05
7.66619e-07
0.000135279
7.96892e-07
7.93768e-05
6.71013e-07
2.13799e-05
1.01318e-06
4.20613e-06
6.97031e-07
8.1577e-06
7.78364e-07
1.19649e-06
8.90477e-07
9.62007e-07
6.1577e-06
5.55672e-07
1.6174e-05
8.04461e-07
9.13039e-05
6.38733e-07
0.000139126
7.90785e-07
1.71206e-05
8.24337e-07
1.88331e-06
6.26569e-07
2.45359e-06
7.62194e-07
1.13601e-06
6.43866e-07
7.99977e-07
2.85863e-06
5.2153e-07
8.97639e-06
4.95294e-07
2.66099e-05
5.8364e-07
7.78841e-05
5.44762e-07
0.000165949
4.23447e-07
9.90451e-05
6.1513e-07
2.1634e-05
5.58844e-07
3.12583e-05
5.52937e-07
1.08881e-05
4.95223e-07
6.1688e-06
4.06084e-07
3.98892e-06
6.24121e-07
5.88262e-07
6.29286e-07
4.45905e-07
7.30675e-07
8.8947e-07
7.55732e-06
4.24345e-07
3.10097e-05
7.02427e-07
0.000105261
6.10882e-07
0.000139575
4.92985e-07
3.96968e-05
5.93597e-07
8.27573e-06
4.95652e-07
9.57214e-07
6.64536e-07
4.19803e-07
8.81269e-07
7.65871e-07
9.28048e-06
4.03077e-07
3.3978e-05
4.69577e-07
0.000114777
5.67517e-07
0.000110913
4.53458e-07
7.74326e-05
4.28995e-07
3.08965e-05
3.59749e-07
1.43999e-05
4.05688e-07
4.82618e-06
3.60363e-07
1.66531e-06
3.93725e-07
5.44073e-07
4.64177e-07
3.823e-07
8.0019e-07
4.81134e-07
6.12679e-06
3.30383e-07
2.85213e-06
3.28119e-07
3.91673e-06
3.74394e-07
1.34785e-05
3.71441e-07
8.96214e-05
5.48807e-07
3.31476e-05
2.98506e-07
1.49418e-05
3.472e-07
5.17047e-06
3.39918e-07
9.04283e-07
4.00411e-07
4.53413e-07
8.24871e-07
3.11102e-07
8.38861e-07
5.35255e-07
2.47299e-06
2.56424e-07
8.80823e-06
3.99086e-07
3.72369e-05
2.94136e-07
6.2392e-05
4.56291e-07
1.15006e-05
3.03269e-07
1.72904e-06
3.18976e-07
6.32915e-07
4.91154e-07
3.19961e-07
1.77053e-06
3.41824e-07
1.73346e-06
2.8169e-07
3.82469e-06
2.92042e-07
1.75823e-05
3.7533e-07
7.28728e-05
2.85331e-07
3.71306e-05
2.41272e-07
1.7111e-05
2.14153e-07
7.75037e-06
3.5784e-07
8.70985e-07
2.511e-07
4.09719e-07
4.58789e-07
3.86857e-07
3.10728e-07
2.93882e-07
1.40067e-06
3.18666e-07
1.74235e-05
2.10826e-07
5.49994e-05
1.77574e-07
6.98429e-05
1.71475e-07
7.63483e-05
2.00902e-07
4.51486e-05
2.03517e-07
3.0221e-05
1.58741e-07
4.89015e-05
2.4703e-07
1.75319e-05
1.78944e-07
1.16747e-05
2.25482e-07
1.24127e-06
1.80844e-07
4.70909e-07
2.72366e-07
2.24171e-07
8.92159e-07
1.79679e-07
7.48756e-06
1.43673e-07
1.11153e-05
2.78324e-07
4.42164e-05
1.7423e-07
4.83169e-05
1.5916e-07
3.90037e-05
2.40339e-07
8.1299e-06
1.2974e-07
5.48337e-06
1.55598e-07
5.88053e-07
2.07106e-07
2.22804e-07
6.03772e-07
1.54683e-07
2.33942e-06
1.67031e-07
2.39828e-05
1.56315e-07
2.89618e-05
1.51928e-07
5.079e-05
1.56727e-07
1.67484e-05
1.46644e-07
7.53324e-06
1.12959e-07
5.45382e-06
1.15834e-07
1.82096e-06
1.76678e-07
2.26849e-07
1.8376e-07
1.32859e-07
5.6879e-07
1.34034e-07
2.65051e-06
1.32809e-07
8.60717e-06
9.4368e-08
2.15914e-06
1.13359e-07
3.68128e-06
1.24756e-07
1.9278e-05
1.52357e-07
2.2626e-05
1.10255e-07
4.02756e-06
1.02609e-07
1.9192e-06
9.075e-08
3.383e-07
1.2195e-07
1.6054e-07
3.85507e-07
8.65033e-08
1.03619e-06
1.42658e-07
1.62028e-06
9.3479e-08
8.54291e-06
7.55151e-08
1.70144e-05
1.32385e-07
9.05337e-06
8.32246e-08
2.99408e-06
7.3056e-08
9.60268e-07
8.02261e-08
2.76318e-07
7.67815e-08
1.02333e-07
1.29364e-07
1.09379e-07
2.2007e-07
6.44469e-08
1.68786e-07
6.26137e-08
3.39112e-07
6.81177e-08
1.4215e-06
9.07783e-08
1.38314e-05
5.64961e-08
1.88441e-05
6.59252e-08
8.39461e-06
5.87337e-08
1.94322e-06
6.06627e-08
3.28807e-07
7.72781e-08
3.9269e-07
4.64165e-08
3.16615e-07
7.11465e-08
5.60033e-08
1.30251e-07
8.25153e-08
9.71643e-07
4.85946e-08
4.69244e-06
5.91598e-08
1.04639e-05
5.3406e-08
6.29008e-06
7.10126e-08
5.55064e-07
4.85173e-08
1.56803e-07
5.78904e-08
1.36447e-07
5.48063e-08
6.74741e-08
4.17136e-08
6.40512e-08
8.14222e-08
5.14864e-08
6.21528e-07
4.50233e-08
3.79574e-06
3.48416e-08
5.62652e-06
6.53903e-08
7.3238e-06
3.59576e-08
4.9115e-06
3.54755e-08
2.15779e-06
4.37933e-08
4.09138e-06
3.21326e-08
3.4511e-06
5.05972e-08
3.94992e-07
3.42096e-08
1.80235e-07
3.58186e-08
6.38567e-08
6.01945e-08
3.62321e-08
1.12609e-07
5.18246e-08
8.69727e-07
5.02294e-08
6.58839e-06
3.49999e-08
1.24773e-05
3.31472e-08
7.95881e-06
4.77562e-08
3.72453e-06
3.86601e-08
7.72249e-07
3.11259e-08
2.72374e-07
4.83059e-08
3.79053e-08
4.75802e-08
4.4693e-08
3.34085e-07
3.68274e-08
1.42151e-06
3.45128e-08
1.01957e-05
3.11625e-08
1.03763e-05
2.54061e-08
6.06759e-06
4.61683e-08
5.82051e-06
2.53969e-08
4.354e-06
2.78612e-08
6.1653e-07
3.8448e-08
1.04631e-07
2.60498e-08
4.43497e-08
3.29932e-08
4.06188e-08
2.4056e-07
2.67185e-08
9.73591e-07
3.51301e-08
3.63985e-06
2.14193e-08
2.04088e-06
2.82866e-08
5.21428e-06
2.55041e-08
4.63314e-06
2.9295e-08
6.20355e-07
3.23697e-08
5.61664e-08
2.83805e-08
3.61291e-08
9.0948e-08
2.05716e-08
2.93689e-07
2.21365e-08
7.18375e-07
2.26064e-08
6.12091e-07
2.08395e-08
7.36309e-07
2.13744e-08
3.02639e-06
1.66663e-08
5.14357e-06
1.56478e-08
6.0608e-06
2.32096e-08
2.79101e-06
2.21697e-08
2.7261e-07
1.9525e-08
1.03689e-07
2.0883e-08
1.96924e-08
2.9505e-08
3.50419e-08
1.41187e-08
5.03349e-08
1.63334e-08
2.07624e-08
4.37432e-08
1.50959e-08
1.35794e-07
2.13387e-08
1.77864e-06
1.41746e-08
3.35769e-06
1.55774e-08
2.19419e-06
1.94308e-08
3.31983e-07
1.84971e-08
2.95549e-08
1.36399e-08
5.87763e-08
1.62145e-08
1.75723e-08
2.13143e-08
1.70658e-08
1.18107e-07
1.26866e-08
7.98772e-07
1.61048e-08
3.70964e-06
1.07663e-08
2.06987e-06
1.06525e-08
8.16799e-07
8.81345e-09
4.20068e-07
1.02881e-08
1.50117e-07
1.0523e-08
1.96785e-07
1.02976e-08
7.29901e-08
9.26134e-09
2.09886e-08
1.31386e-08
9.75447e-09
4.54895e-08
9.88249e-09
2.71463e-07
7.1853e-09
6.32583e-07
1.12043e-08
2.31554e-06
9.95286e-09
4.44543e-07
7.90036e-09
1.15924e-07
1.01494e-08
1.65572e-07
6.45657e-09
3.52978e-08
9.39157e-09
1.01914e-08
8.78315e-09
8.30339e-09
9.56385e-08
5.81814e-09
1.51986e-07
6.65471e-09
4.32438e-07
6.20837e-09
1.15658e-06
9.49905e-09
1.06212e-06
4.97551e-09
5.66668e-07
1.03455e-08
2.40459e-07
4.95149e-09
2.12122e-07
5.80397e-09
6.58747e-08
4.75738e-09
1.57109e-08
1.00907e-08
4.69068e-09
9.07433e-09
4.56877e-09
1.54243e-08
6.00096e-09
6.0959e-08
5.4347e-09
3.93163e-07
5.51224e-09
1.22995e-06
4.22256e-09
8.28682e-07
5.89966e-09
9.83511e-07
4.89551e-09
9.65092e-07
4.47751e-09
2.49599e-07
5.69288e-09
3.13092e-08
4.89074e-09
6.88097e-09
1.32504e-08
4.93338e-09
5.10236e-08
4.21298e-09
2.20615e-07
4.71417e-09
5.53711e-07
4.47713e-09
1.5789e-06
3.56409e-09
9.0073e-07
4.18036e-09
1.24651e-06
4.14512e-09
3.88987e-07
3.77685e-09
1.15108e-07
5.04462e-09
1.74633e-08
3.34366e-09
8.27954e-09
7.43103e-09
3.71631e-09
2.27364e-08
4.8368e-09
2.18918e-07
4.63644e-09
8.88877e-07
3.22266e-09
5.10406e-07
4.48925e-09
7.66764e-07
3.30264e-09
7.04482e-07
5.41247e-09
7.41567e-08
3.06775e-09
2.16302e-08
5.51347e-09
3.90934e-09
8.36846e-09
3.82065e-09
5.32564e-08
3.93694e-09
3.83932e-07
3.49617e-09
9.26596e-07
3.68136e-09
9.43539e-07
2.9624e-09
5.70607e-07
5.1995e-09
7.77406e-08
2.39067e-09
4.8574e-08
2.35817e-09
2.77668e-08
2.42941e-09
1.35944e-08
3.96789e-09
2.75476e-09
7.24361e-09
2.47105e-09
1.44866e-08
4.26441e-09
1.66679e-07
2.75979e-09
1.55858e-07
2.96398e-09
2.85588e-07
2.23407e-09
5.49222e-07
2.38384e-09
7.1822e-07
2.99549e-09
3.49078e-07
3.02861e-09
7.39384e-08
2.43847e-09
2.04345e-08
2.42621e-09
7.74837e-09
3.00352e-09
3.36798e-09
1.27884e-08
2.68128e-09
1.91103e-08
2.54831e-09
1.39251e-08
3.3042e-09
5.71871e-08
2.42685e-09
4.27285e-07
2.98105e-09
5.2839e-07
2.37231e-09
1.35997e-07
3.72595e-09
1.63735e-08
2.11165e-09
7.42853e-09
2.65149e-09
3.71036e-09
9.1777e-09
2.06337e-09
2.23571e-08
2.15198e-09
7.72663e-09
3.18676e-09
2.11537e-08
2.15277e-09
1.08866e-07
2.70539e-09
3.56478e-07
2.23209e-09
7.13439e-07
2.44917e-09
2.15402e-07
2.40249e-09
2.80803e-08
2.56604e-09
6.92503e-09
4.2894e-09
2.09917e-09
7.23564e-09
3.01815e-09
4.45997e-08
1.7478e-09
1.06386e-08
2.35088e-09
2.4146e-08
2.24768e-09
1.26352e-07
2.99934e-09
7.92072e-07
1.83893e-09
3.74016e-07
3.05794e-09
5.5437e-08
3.36797e-09
4.81827e-09
1.99092e-09
3.34764e-09
4.22505e-09
1.87467e-09
1.15072e-08
2.16709e-09
1.26337e-08
2.75126e-09
2.74983e-08
2.67931e-09
1.68496e-07
1.80961e-09
2.90647e-07
1.73488e-09
3.8881e-07
3.77668e-09
2.68316e-07
1.70049e-09
1.48296e-07
3.19642e-09
1.37266e-08
1.84032e-09
5.6975e-09
2.73836e-09
2.10719e-09
3.12095e-09
2.32161e-09
7.27885e-09
2.85419e-09
8.36927e-09
2.04099e-09
2.62616e-08
1.63784e-09
3.42207e-08
2.93909e-09
1.30857e-07
1.88947e-09
6.37382e-07
2.14561e-09
4.82203e-07
3.0104e-09
4.13131e-08
2.28653e-09
1.00821e-08
2.43946e-09
2.86025e-09
4.01014e-09
2.24006e-09
1.53442e-08
2.20212e-09
5.78008e-08
2.52009e-09
1.18176e-07
2.64364e-09
1.82387e-07
2.06782e-09
7.00958e-07
2.38708e-09
2.14702e-07
2.22313e-09
5.65528e-08
2.75953e-09
4.86458e-09
2.32315e-09
2.62463e-09
3.27538e-09
2.936e-09
2.373e-08
2.47688e-09
1.1716e-07
2.13308e-09
3.41545e-07
2.49153e-09
7.46336e-07
1.63148e-09
4.69945e-07
2.88728e-09
2.20127e-07
1.81655e-09
1.03717e-07
1.74264e-09
2.21809e-08
2.39672e-09
5.24274e-09
1.50257e-09
3.75129e-09
2.40742e-09
2.02888e-09
1.93546e-08
1.94946e-09
1.0406e-07
1.49562e-09
1.9329e-07
1.39738e-09
8.83496e-08
2.15398e-09
1.45971e-07
1.56767e-09
3.61566e-07
2.01063e-09
8.18042e-08
1.89189e-09
8.27493e-09
1.62463e-09
2.20672e-09
2.24383e-09
1.90267e-09
1.33478e-08
1.25167e-09
4.30344e-08
1.31193e-09
1.45207e-07
1.02433e-09
1.93872e-07
9.83157e-10
2.16952e-07
9.49499e-10
4.93951e-08
1.23222e-09
7.63505e-08
1.31973e-09
3.11588e-07
1.21288e-09
1.22593e-07
1.02505e-09
2.81102e-08
1.34093e-09
2.8174e-09
1.09288e-09
1.52146e-09
2.97233e-09
1.05987e-09
1.89927e-08
1.02203e-09
8.53865e-08
1.21824e-09
2.10312e-07
9.80341e-10
2.74162e-07
7.50913e-10
2.2064e-07
1.21193e-09
5.24812e-08
6.76708e-10
1.28631e-08
1.13566e-09
2.0706e-09
6.95052e-10
1.01749e-09
2.04765e-09
7.95864e-10
8.19029e-09
5.88207e-10
2.18873e-08
1.0695e-09
1.33105e-07
5.18179e-10
6.27214e-08
8.04244e-10
9.51355e-08
5.7522e-10
1.68607e-07
6.30057e-10
4.29896e-08
5.28444e-10
1.53627e-08
5.44528e-10
3.66182e-09
7.51076e-10
6.09175e-10
9.54765e-10
4.79878e-10
1.90153e-09
5.653e-10
9.75836e-09
5.63053e-10
8.4976e-09
5.38821e-10
3.58835e-08
6.11282e-10
1.50586e-07
4.30926e-10
5.50379e-08
5.01094e-10
1.31488e-08
5.61288e-10
1.10622e-09
4.07968e-10
7.4728e-10
1.59154e-09
3.65888e-10
4.33393e-09
3.27626e-10
7.05336e-09
3.93927e-10
6.05391e-09
3.68362e-10
1.33702e-08
2.82406e-10
1.46255e-08
4.51144e-10
9.56194e-08
2.76713e-10
7.81444e-08
4.57833e-10
1.10032e-08
3.4343e-10
2.38019e-09
2.70234e-10
9.34898e-10
3.1876e-10
3.15977e-10
3.48066e-10
4.49852e-10
2.48973e-10
1.03899e-09
4.5386e-10
2.58951e-10
9.59856e-10
3.26661e-10
4.65765e-09
3.03306e-10
3.36938e-08
3.50652e-10
4.7425e-08
2.8967e-10
8.50031e-09
2.53569e-10
1.67097e-09
3.48113e-10
3.18649e-10
2.59851e-10
3.65167e-10
3.89561e-10
3.49835e-10
3.02504e-10
3.17778e-10
2.30826e-09
2.26311e-10
5.72042e-09
2.64254e-10
2.95839e-08
2.48019e-10
6.87065e-08
2.36415e-10
1.2729e-08
2.13055e-10
4.1447e-09
2.99952e-10
2.94662e-10
2.39545e-10
2.47147e-10
2.48227e-10
5.60545e-10
1.75909e-10
3.52302e-10
7.01218e-10
1.61347e-10
1.05243e-09
2.07254e-10
3.7525e-09
1.63058e-10
1.19082e-08
2.1951e-10
3.75575e-08
1.63636e-10
3.40047e-08
2.00328e-10
3.94245e-09
2.19808e-10
4.85443e-10
1.88207e-10
9.0246e-10
1.72744e-10
3.56278e-10
1.6236e-10
2.48461e-10
5.13919e-10
1.38987e-10
2.46789e-09
1.66787e-10
8.38889e-09
1.46229e-10
4.13001e-08
2.49932e-10
9.08527e-09
1.15699e-10
6.23218e-09
1.14052e-10
4.93178e-09
1.08104e-10
2.1462e-08
9.95405e-11
1.89714e-08
1.38116e-10
2.88083e-09
1.12402e-10
9.58967e-10
1.72473e-10
1.40558e-10
2.01169e-10
1.4825e-10
1.08895e-09
1.15142e-10
9.05888e-09
1.47854e-10
3.52695e-08
8.8549e-11
2.52398e-08
1.51808e-10
2.27188e-08
1.01968e-10
6.22672e-09
1.36639e-10
7.17149e-10
1.15912e-10
2.12743e-10
1.86518e-10
9.78626e-11
4.94707e-10
1.19401e-10
6.00603e-09
1.08229e-10
2.2421e-08
7.52758e-11
3.39542e-08
8.70545e-11
1.67222e-08
9.15251e-11
1.11034e-08
1.0301e-10
8.45239e-09
6.53594e-11
5.97088e-09
7.03032e-11
1.63042e-09
1.0275e-10
3.65116e-10
6.59447e-11
2.08305e-10
1.85297e-10
6.36781e-11
3.09396e-10
8.72986e-11
1.03716e-09
8.00779e-11
7.05968e-09
8.36837e-11
1.59349e-08
8.83537e-11
1.32572e-08
6.85169e-11
2.06648e-08
6.5551e-11
1.13367e-08
6.22782e-11
5.59019e-09
9.12726e-11
2.97564e-10
7.52251e-11
1.03587e-10
9.71068e-11
7.11514e-11
2.50103e-10
1.08652e-10
2.96176e-09
5.93498e-11
3.68382e-09
7.53049e-11
3.18823e-09
5.93966e-11
1.08755e-08
1.06454e-10
1.0127e-08
5.6635e-11
3.33089e-09
1.06221e-10
3.68516e-10
6.92117e-11
9.44954e-11
1.07515e-10
5.94844e-11
1.41614e-10
6.37469e-11
3.5543e-10
6.50419e-11
5.08379e-10
5.96718e-11
3.43511e-10
6.00331e-11
8.96516e-10
7.6971e-11
8.19061e-09
5.23277e-11
1.70494e-08
8.73182e-11
4.94185e-09
5.53846e-11
1.25189e-09
7.51463e-11
1.47029e-10
9.39674e-11
6.17912e-11
2.10122e-10
7.77385e-11
2.62113e-10
7.68613e-11
1.29929e-09
6.01287e-11
5.0869e-09
5.96437e-11
1.64468e-08
6.94418e-11
7.23975e-09
6.09798e-11
1.57583e-09
7.62326e-11
1.83218e-10
5.48314e-11
9.33705e-11
8.77846e-11
6.13908e-11
4.18667e-10
5.10412e-11
1.02552e-10
8.01645e-11
2.78074e-10
5.04756e-11
1.83233e-09
6.48124e-11
4.90451e-09
5.59899e-11
1.61735e-08
6.8959e-11
5.40101e-09
5.44922e-11
1.0793e-09
6.21897e-11
2.41341e-10
7.61259e-11
6.91939e-11
1.38944e-10
5.56063e-11
1.37134e-10
5.11966e-11
1.02118e-10
5.0678e-11
2.4642e-10
6.8614e-11
2.08724e-09
4.91505e-11
9.17356e-09
5.40192e-11
6.7909e-09
5.06419e-11
3.11645e-09
3.56437e-11
2.04467e-09
3.44471e-11
1.58507e-09
3.43437e-11
3.25912e-09
4.16125e-11
2.86127e-09
4.57028e-11
4.01604e-10
6.02329e-11
6.94268e-11
3.71948e-11
5.29254e-11
5.1115e-11
4.7768e-11
3.01402e-10
3.80852e-11
1.19749e-09
3.77184e-11
3.87644e-09
4.13122e-11
1.13334e-08
4.22331e-11
2.94049e-09
3.54041e-11
4.45592e-09
5.07048e-11
4.24078e-10
2.89025e-11
2.16031e-10
3.48563e-11
3.69647e-11
6.20935e-11
2.59519e-11
9.12756e-11
4.15437e-11
5.79718e-10
2.98159e-11
4.31344e-09
3.51445e-11
4.02311e-09
3.10463e-11
1.18146e-09
2.57635e-11
1.2125e-09
3.6329e-11
4.85719e-10
2.20501e-11
2.0097e-10
2.92243e-11
5.88929e-11
2.34121e-11
3.02667e-11
6.99757e-11
2.44846e-11
2.44276e-10
2.49773e-11
2.11685e-09
2.06148e-11
4.79787e-09
2.84447e-11
1.89737e-09
2.27643e-11
3.79251e-10
1.77688e-11
1.3907e-09
1.71428e-11
4.98692e-10
1.97843e-11
1.54522e-10
2.13624e-11
2.54052e-11
2.21322e-11
3.01283e-11
1.65667e-10
1.50967e-11
5.14204e-10
1.64065e-11
1.14011e-09
1.58205e-11
3.66354e-09
1.49255e-11
2.78473e-09
2.08536e-11
1.1955e-09
1.87758e-11
9.36116e-10
1.26979e-11
3.41734e-10
2.20846e-11
2.56366e-11
1.52257e-11
1.45462e-11
1.64412e-11
1.22891e-11
2.01543e-11
1.94597e-11
1.97989e-10
1.59733e-11
1.29127e-09
1.03569e-11
3.57498e-09
1.96882e-11
1.05539e-09
9.2542e-12
2.85802e-09
1.23754e-11
1.05267e-09
1.14243e-11
4.12244e-10
9.94899e-12
1.51606e-10
1.17086e-11
2.53278e-11
1.37165e-11
1.04239e-11
3.39112e-11
8.65742e-12
7.93914e-11
8.75565e-12
2.3082e-10
1.2862e-11
1.33514e-09
7.84396e-12
3.00294e-09
1.11787e-11
4.78559e-10
8.66239e-12
1.25574e-10
1.04641e-11
1.55342e-10
8.38579e-12
2.11127e-11
9.16845e-12
1.0451e-11
2.00421e-11
8.32323e-12
2.06775e-10
6.1802e-12
5.14181e-10
9.29026e-12
1.85496e-09
7.22149e-12
6.16689e-10
5.98747e-12
2.57221e-10
4.97484e-12
1.29191e-10
6.74486e-12
5.15092e-11
7.01921e-12
2.97415e-11
5.34193e-12
1.24274e-11
7.66801e-12
5.09648e-12
1.59585e-11
5.05493e-12
3.07056e-11
6.54374e-12
4.15603e-10
5.4122e-12
1.28029e-09
4.91312e-12
9.78317e-10
5.25961e-12
2.3722e-10
4.19094e-12
1.05512e-10
3.4406e-12
1.18317e-10
4.58753e-12
6.02841e-11
4.3773e-12
2.1468e-11
5.72273e-12
4.3063e-12
1.02697e-11
3.10775e-12
2.11332e-11
3.09569e-12
3.90548e-11
3.70851e-12
2.30045e-10
2.81779e-12
5.01383e-10
3.67462e-12
6.72703e-10
3.51829e-12
1.79717e-10
3.23677e-12
6.41497e-11
3.519e-12
6.64507e-11
2.64889e-12
9.81052e-12
4.04699e-12
2.71581e-12
3.52245e-12
3.8747e-12
2.6562e-11
2.33535e-12
8.38498e-11
2.63592e-12
4.54679e-10
2.06037e-12
5.71482e-10
3.23161e-12
1.1777e-10
2.81794e-12
1.44376e-11
1.88669e-12
3.40087e-11
2.50043e-12
8.34357e-12
2.0378e-12
3.59853e-12
2.57313e-12
2.91349e-12
1.59552e-11
1.88598e-12
1.01344e-10
2.96895e-12
5.83114e-10
2.01292e-12
1.53735e-10
2.06111e-12
4.09678e-11
1.95232e-12
1.00673e-11
1.66228e-12
3.38486e-12
2.44433e-12
3.26691e-12
1.84862e-12
2.29307e-12
2.85948e-12
1.4943e-12
7.23596e-12
1.46976e-12
2.40545e-11
1.12474e-12
3.15757e-11
1.14536e-12
4.61036e-11
1.9275e-12
3.99507e-10
1.29455e-12
2.61352e-10
1.21305e-12
9.80497e-11
1.09343e-12
4.08446e-11
1.64198e-12
2.55084e-11
1.25839e-12
4.34851e-12
1.4362e-12
1.45765e-12
1.15573e-12
1.65924e-12
5.45671e-12
1.06774e-12
2.36628e-11
1.30236e-12
1.78477e-10
1.46619e-12
1.32467e-10
9.25627e-13
6.02642e-11
8.6305e-13
6.90846e-12
1.29462e-12
4.116e-12
7.41359e-13
9.32396e-12
7.53977e-13
3.72739e-12
1.14448e-12
8.80517e-13
1.90933e-12
1.20949e-12
1.83683e-11
8.24327e-13
9.74435e-11
7.39527e-13
2.53665e-10
7.34634e-13
1.53842e-10
9.46449e-13
2.78529e-11
7.08074e-13
9.92089e-12
5.78879e-13
2.86691e-11
6.1412e-13
1.19512e-11
8.06907e-13
3.39208e-12
5.0869e-13
2.01743e-12
9.07937e-13
6.0868e-13
2.39123e-12
6.61847e-13
9.89102e-12
6.48202e-13
3.26355e-11
6.93414e-13
2.04974e-10
5.71138e-13
7.6262e-11
5.58298e-13
2.93088e-11
7.47862e-13
1.31309e-11
5.16482e-13
6.5206e-12
6.91449e-13
9.08616e-13
7.62482e-13
5.30903e-13
3.08369e-12
4.3674e-13
5.2529e-12
6.2271e-13
4.6119e-11
4.48147e-13
9.1664e-11
6.35374e-13
4.83386e-11
3.8337e-13
1.90827e-11
5.94576e-13
3.84386e-12
4.91466e-13
2.76837e-12
4.39799e-13
1.59568e-12
3.27852e-13
1.07838e-12
1.07492e-12
3.07337e-13
1.5526e-12
3.40696e-13
1.95169e-12
4.26848e-13
1.25722e-11
3.66656e-13
2.68581e-11
3.28731e-13
9.93393e-11
3.85877e-13
3.47249e-11
3.50725e-13
1.27876e-11
4.27767e-13
1.75438e-11
2.62786e-13
9.04112e-12
4.50122e-13
1.18779e-12
2.88075e-13
4.8109e-13
5.51472e-13
3.12768e-13
1.57814e-12
2.53541e-13
3.24719e-12
4.39861e-13
2.70882e-11
2.6925e-13
6.06369e-11
3.77018e-13
2.22488e-11
2.45178e-13
8.81193e-12
2.60484e-13
2.26823e-12
3.06368e-13
5.72413e-13
3.08521e-13
8.09473e-13
2.43493e-13
3.82513e-13
3.34693e-13
3.03463e-13
2.74928e-12
2.28971e-13
9.24097e-12
2.83967e-13
7.14718e-11
2.0657e-13
4.6935e-11
2.77445e-13
5.62428e-12
2.36065e-13
1.40764e-12
1.73201e-13
6.28047e-13
4.35091e-13
1.82537e-13
6.68407e-13
3.31207e-13
1.13399e-12
1.96386e-13
5.12952e-12
1.77872e-13
1.29634e-11
2.731e-13
5.69841e-11
1.78995e-13
3.30842e-11
1.79084e-13
1.40095e-11
1.62241e-13
4.73604e-12
1.63026e-13
1.81946e-12
1.40021e-13
9.59646e-13
1.8888e-13
3.1466e-13
1.73879e-13
7.11279e-13
1.25604e-13
4.71148e-13
3.31943e-13
1.25611e-13
7.20012e-13
1.20365e-13
1.05652e-12
1.83332e-13
5.85612e-12
1.36282e-13
2.03903e-11
1.60574e-13
4.19175e-11
1.36702e-13
9.41076e-12
1.92595e-13
1.31712e-12
1.55592e-13
9.96972e-13
1.50233e-13
3.15667e-13
2.49707e-13
1.11278e-13
7.77774e-13
1.4341e-13
3.09352e-12
1.01381e-13
8.0553e-12
1.73701e-13
3.29149e-11
1.11442e-13
1.42197e-11
1.32066e-13
2.85259e-12
1.68761e-13
3.09892e-13
9.89503e-14
5.4523e-13
1.66023e-13
1.49443e-13
1.26881e-13
1.26992e-13
4.14112e-13
1.13034e-13
2.14673e-12
1.01517e-13
9.75382e-12
1.03043e-13
2.21213e-11
9.49006e-14
2.2898e-11
1.08128e-13
2.4844e-12
9.92949e-14
4.29338e-13
9.4116e-14
1.93294e-13
1.09467e-13
1.49258e-13
1.10431e-13
8.42625e-14
1.09786e-13
8.41289e-14
2.35189e-13
1.18625e-13
2.26688e-12
6.51986e-14
9.24272e-12
9.85074e-14
1.19805e-11
6.61694e-14
5.36891e-12
7.90115e-14
8.68258e-13
6.35901e-14
3.60567e-13
5.57231e-14
9.36018e-13
6.04831e-14
5.29181e-13
6.09083e-14
1.96881e-13
7.29768e-14
6.00272e-14
2.52993e-13
4.66811e-14
4.05837e-13
4.38267e-14
6.22887e-13
6.84295e-14
2.62349e-12
5.00769e-14
1.624e-11
5.81242e-14
6.4987e-12
4.90483e-14
2.63925e-12
4.03676e-14
4.76473e-12
5.80458e-14
1.63068e-12
4.99206e-14
3.81138e-13
5.40543e-14
7.42832e-14
6.99363e-14
4.51896e-14
1.08419e-13
6.96778e-14
1.15881e-12
4.27335e-14
5.13991e-12
4.95575e-14
1.09064e-11
4.92308e-14
1.92781e-12
4.40424e-14
3.28852e-13
5.32919e-14
2.94592e-13
3.80405e-14
1.07232e-13
5.4493e-14
5.91483e-14
1.66367e-13
3.43551e-14
8.56303e-13
3.36552e-14
2.07631e-12
5.29775e-14
9.61812e-12
3.00605e-14
1.32441e-11
2.65145e-14
1.04845e-11
4.4317e-14
1.15339e-12
2.93871e-14
8.90531e-13
3.50788e-14
1.21192e-12
3.18926e-14
2.41061e-13
3.56141e-14
5.65085e-14
7.18148e-14
2.72391e-14
2.0088e-13
3.19061e-14
9.21534e-13
2.47595e-14
2.28236e-12
3.50205e-14
6.24217e-12
3.29074e-14
1.36828e-12
2.79447e-14
4.55818e-13
3.54044e-14
1.96386e-13
2.58899e-14
1.07866e-13
2.37644e-14
3.82389e-14
3.74675e-14
2.17992e-14
4.09047e-14
2.03859e-14
5.13702e-14
1.81141e-14
6.44539e-14
2.93936e-14
3.35384e-13
1.90315e-14
2.34317e-12
2.68313e-14
4.74772e-12
2.27379e-14
2.07956e-12
1.74375e-14
4.4106e-12
1.96559e-14
1.34544e-12
2.15905e-14
1.33082e-13
1.81718e-14
4.31628e-14
1.64838e-14
2.28539e-14
6.08867e-14
1.33378e-14
1.51233e-13
1.59656e-14
4.21948e-13
1.4736e-14
2.2928e-12
1.58573e-14
3.41342e-12
1.74169e-14
2.39344e-12
1.64711e-14
5.87531e-13
1.48242e-14
7.78581e-14
1.6837e-14
1.83909e-14
2.40021e-14
1.19466e-14
1.47845e-13
9.91823e-15
2.1548e-13
1.28588e-14
1.17279e-12
1.47141e-14
2.44394e-12
9.67449e-15
6.23933e-13
1.55396e-14
3.51961e-13
1.15495e-14
1.27563e-13
9.88311e-15
3.88962e-14
1.12189e-14
1.38235e-14
9.25654e-15
1.39531e-14
4.88748e-14
7.84377e-15
1.40534e-13
8.83485e-15
4.13807e-13
7.842e-15
1.06384e-12
8.24429e-15
1.50065e-12
9.77836e-15
7.55274e-13
6.57142e-15
2.0377e-12
6.27209e-15
1.69574e-12
5.62891e-15
1.08814e-12
7.19436e-15
1.17208e-13
9.06877e-15
1.83565e-14
8.14912e-15
7.715e-15
2.10864e-14
8.44754e-15
1.09586e-13
6.4007e-15
6.67624e-13
6.13821e-15
1.54025e-12
7.95661e-15
1.20618e-12
5.60185e-15
2.46103e-12
4.6062e-15
1.64719e-12
1.01454e-14
1.21561e-13
4.77825e-15
5.64711e-14
4.91085e-15
2.31199e-14
6.28263e-15
8.00158e-15
1.43429e-14
5.52495e-15
9.91951e-14
5.40691e-15
2.46429e-13
5.23751e-15
3.06213e-13
5.46127e-15
4.52293e-13
4.64608e-15
1.4537e-12
6.87236e-15
4.03699e-13
4.08611e-15
1.9352e-13
5.5742e-15
3.77911e-14
5.16458e-15
6.16582e-15
8.60032e-15
3.68214e-15
1.17305e-14
7.25009e-15
2.1e-13
4.22644e-15
2.53664e-13
4.13974e-15
4.3542e-13
4.63801e-15
8.62917e-13
3.60598e-15
7.87306e-13
3.15952e-15
3.59662e-13
4.13663e-15
3.21698e-14
3.21808e-15
1.32444e-14
3.89707e-15
3.44262e-15
7.07018e-15
3.25311e-15
1.757e-14
2.61148e-15
3.02349e-14
3.22751e-15
2.6873e-14
2.69627e-15
2.55087e-14
3.43483e-15
3.9278e-13
2.7155e-15
5.18467e-13
2.98783e-15
2.15512e-13
2.66e-15
5.65781e-14
2.16389e-15
1.1013e-14
3.60035e-15
2.8263e-15
4.20377e-15
2.54056e-15
2.9239e-14
3.0656e-15
1.81175e-13
1.79786e-15
6.39023e-14
2.60196e-15
3.30935e-13
2.91654e-15
1.98021e-13
1.67278e-15
1.00934e-13
1.44564e-15
7.62988e-14
1.71518e-15
8.88483e-15
1.94144e-15
3.06556e-15
1.56589e-15
1.86932e-15
5.96299e-15
1.19061e-15
8.31399e-15
1.43901e-15
6.71898e-15
1.36805e-15
7.15937e-15
1.43782e-15
3.48595e-14
1.41265e-15
2.11971e-13
1.11262e-15
2.91787e-13
1.44861e-15
9.62731e-14
1.07468e-15
3.01714e-14
9.26604e-16
1.2342e-14
9.72675e-16
3.05093e-15
1.04623e-15
1.33678e-15
3.79167e-15
9.1085e-16
3.48109e-15
1.13143e-15
1.21643e-14
8.44796e-16
3.04473e-14
1.0067e-15
2.89066e-13
7.19044e-16
1.39639e-13
8.47441e-16
2.72178e-14
1.02146e-15
3.23782e-15
6.7689e-16
1.27163e-15
1.9838e-15
6.59501e-16
4.77186e-15
8.25993e-16
4.03678e-14
7.50219e-16
6.55793e-14
7.27921e-16
9.50031e-14
5.59567e-16
2.03251e-13
5.32721e-16
7.20288e-14
7.30829e-16
1.50474e-14
6.79035e-16
1.43037e-15
5.46903e-16
8.57616e-16
1.61194e-15
4.25381e-16
2.61899e-15
5.88351e-16
1.28105e-14
3.924e-16
3.38263e-14
3.64633e-16
1.23264e-14
5.07284e-16
1.98808e-14
3.21865e-16
3.08016e-14
3.52499e-16
5.02691e-14
4.14363e-16
6.17017e-14
4.60415e-16
2.13568e-14
2.96152e-16
7.95126e-15
3.74677e-16
2.38937e-15
2.58953e-16
1.58349e-15
3.87107e-16
3.33786e-16
1.00754e-15
3.40863e-16
7.61648e-16
3.51163e-16
2.27765e-15
2.37706e-16
3.95576e-15
4.44589e-16
4.42158e-14
3.01795e-16
4.25271e-14
2.70823e-16
2.39274e-14
2.37707e-16
4.52145e-15
3.07082e-16
8.63313e-16
3.49192e-16
2.82164e-16
1.26933e-15
2.3939e-16
3.48546e-15
3.45789e-16
4.88901e-15
2.40123e-16
1.37704e-14
2.44964e-16
6.20418e-14
2.32961e-16
3.37203e-14
2.34531e-16
1.72573e-14
1.67563e-16
