12703.8 2.42521e+12 2.42521e+12 2.42521e+12 2.42521e+12
12704.4 9.30749e+11 3.76459e+11 1.48433e+12 2.42521e+12
12705.3 6.71673e+11 9.30731e+10 1.48433e+12 2.42521e+12
12705.9 4.54359e+11 9.28e+10 2.35994e+12 2.42521e+12
12706.7 4.54359e+11 3.35124e+10 2.35994e+12 2.42521e+12
12707.4 3.97847e+11 3.35124e+10 2.35994e+12 2.42521e+12
12708 3.23618e+11 3.35124e+10 2.35994e+12 2.42521e+12
12708.9 3.23618e+11 3.22407e+10 2.35994e+12 2.42521e+12
12709.7 2.43648e+11 3.22407e+10 2.35994e+12 2.42521e+12
12710.3 2.43648e+11 2.02976e+10 2.35994e+12 2.42521e+12
12711.1 2.43648e+11 2.02976e+10 2.35994e+12 2.42521e+12
12712.3 2.29549e+11 2.02976e+10 2.35994e+12 2.42521e+12
12713 2.29549e+11 1.59711e+10 2.35994e+12 2.42521e+12
12713 2.29549e+11 1.59711e+10 2.35994e+12 2.42521e+12
12714.3 2.29549e+11 1.5587e+10 2.35994e+12 2.42521e+12
12715.7 2.29549e+11 1.5587e+10 2.35994e+12 2.42521e+12
12716.5 2.29549e+11 1.5587e+10 2.35994e+12 2.42521e+12
12717.3 2.29549e+11 1.08743e+10 2.35994e+12 2.42521e+12
12721.5 2.29549e+11 1.08743e+10 2.35994e+12 2.42521e+12
12723.1 2.19689e+11 1.08743e+10 2.35994e+12 2.42521e+12
12724.8 2.19689e+11 1.08743e+10 2.35994e+12 2.42521e+12
12724.8 2.19689e+11 1.08743e+10 2.35994e+12 2.42521e+12
12725.7 2.19688e+11 1.08743e+10 2.35994e+12 2.42521e+12
12725.7 2.19688e+11 1.08743e+10 2.35994e+12 2.42521e+12
12760 2.19688e+11 1.08743e+10 2.35994e+12 2.42521e+12
12760 2.19688e+11 1.08743e+10 2.35994e+12 2.42521e+12
12793.9 2.19688e+11 1.08743e+10 2.35994e+12 2.42521e+12
12794.6 2.19688e+11 1.08743e+10 2.35994e+12 2.42521e+12
12795.8 1.81613e+11 1.08743e+10 2.35994e+12 2.42521e+12
12795.8 1.81613e+11 1.08743e+10 2.35994e+12 2.42521e+12
12795.8 1.81613e+11 1.08743e+10 2.35994e+12 2.42521e+12
12795.8 1.81613e+11 9.90373e+09 2.35994e+12 2.42521e+12
12795.8 1.81613e+11 9.90373e+09 2.35994e+12 2.42521e+12
12797.3 1.81613e+11 7.43077e+09 2.35994e+12 2.42521e+12
12800.8 1.81613e+11 7.43077e+09 2.35994e+12 2.42521e+12
12800.8 1.81613e+11 7.43077e+09 2.35994e+12 2.42521e+12
12800.9 1.81613e+11 7.43077e+09 2.35994e+12 2.42521e+12
12800.9 1.81613e+11 7.43077e+09 2.35994e+12 2.42521e+12
12800.9 1.81613e+11 7.43077e+09 2.35994e+12 2.42521e+12
12800.9 1.81613e+11 7.43077e+09 2.35994e+12 2.42521e+12
12800.9 1.81613e+11 7.43077e+09 2.35994e+12 2.42521e+12
