3328.44 4.34203e+12 4.34203e+12 4.34203e+12 4.34203e+12
3328.44 3.95054e+12 4.85741e+11 1.80501e+12 4.34203e+12
3328.45 3.95054e+12 3.52732e+11 1.87304e+12 4.34203e+12
3328.49 3.95054e+12 3.52732e+11 1.87304e+12 4.34203e+12
3328.5 3.95054e+12 2.67265e+11 1.87305e+12 4.34203e+12
3328.5 1.275e+12 2.67265e+11 3.16093e+12 4.34203e+12
3328.51 1.22826e+12 1.02305e+11 3.16093e+12 4.34203e+12
3328.52 9.30749e+11 1.02305e+11 3.16093e+12 4.34203e+12
3328.53 9.30749e+11 4.17421e+10 4.30002e+12 4.34203e+12
3328.54 9.30749e+11 4.17421e+10 4.30002e+12 4.34203e+12
3328.58 8.42296e+11 4.17421e+10 4.30002e+12 4.34203e+12
3328.59 8.42296e+11 4.17421e+10 4.30002e+12 4.34203e+12
3328.59 8.42296e+11 4.17421e+10 4.30002e+12 4.34203e+12
3328.63 8.42296e+11 4.17421e+10 4.30002e+12 4.34203e+12
3328.64 8.42296e+11 4.04816e+10 4.30002e+12 4.34203e+12
3328.65 8.42296e+11 4.04816e+10 4.30002e+12 4.34203e+12
3328.66 8.42296e+11 4.04816e+10 4.30002e+12 4.34203e+12
3328.67 8.42296e+11 3.68373e+10 4.30002e+12 4.34203e+12
3328.67 5.78468e+11 3.68373e+10 4.30002e+12 4.34203e+12
3328.68 5.00048e+11 3.68373e+10 4.30002e+12 4.34203e+12
3328.69 5.61962e+11 3.18246e+10 4.30002e+12 4.34203e+12
3328.69 5.00048e+11 3.18246e+10 4.30002e+12 4.34203e+12
3328.73 5.00048e+11 3.18246e+10 4.30002e+12 4.34203e+12
3328.75 5.00048e+11 3.18246e+10 4.30002e+12 4.34203e+12
3328.76 5.00048e+11 2.63985e+10 4.30002e+12 4.34203e+12
3328.79 5.00048e+11 2.63985e+10 4.30002e+12 4.34203e+12
3328.8 5.00048e+11 2.63985e+10 4.30002e+12 4.34203e+12
3328.81 5.00048e+11 2.63985e+10 4.30002e+12 4.34203e+12
3328.82 5.00048e+11 2.25455e+10 4.30002e+12 4.34203e+12
3328.83 5.00048e+11 2.25455e+10 4.30002e+12 4.34203e+12
3328.83 5.00048e+11 2.25455e+10 4.30002e+12 4.34203e+12
3328.86 5.00048e+11 2.25455e+10 4.30002e+12 4.34203e+12
3328.87 4.2052e+11 2.25455e+10 4.30002e+12 4.34203e+12
3328.88 4.2052e+11 2.25455e+10 4.30002e+12 4.34203e+12
3328.89 4.06497e+11 2.25455e+10 4.30002e+12 4.34203e+12
3328.9 4.06497e+11 2.17269e+10 4.30002e+12 4.34203e+12
3328.91 4.06497e+11 2.17269e+10 4.30002e+12 4.34203e+12
3328.91 4.06497e+11 2.17269e+10 4.30002e+12 4.34203e+12
3328.96 4.06497e+11 2.17269e+10 4.30002e+12 4.34203e+12
3328.97 4.06497e+11 2.03711e+10 4.30002e+12 4.34203e+12
3328.97 4.06497e+11 2.03711e+10 4.30002e+12 4.34203e+12
