2966.98 7.33478e+13 7.33478e+13 7.33478e+13 7.33478e+13
2966.98 4.44852e+13 8.02787e+12 4.78974e+13 7.33478e+13
2966.98 3.17985e+13 5.00775e+12 4.78974e+13 7.33478e+13
2966.98 1.43031e+13 3.21401e+12 6.82865e+13 7.33478e+13
2966.99 1.43031e+13 8.1704e+11 6.82865e+13 7.33478e+13
2966.99 9.79582e+12 8.1704e+11 6.82865e+13 7.33478e+13
2966.99 9.79582e+12 6.24954e+11 6.82865e+13 7.33478e+13
2966.99 9.79582e+12 2.95706e+11 6.82865e+13 7.33478e+13
2966.99 9.79582e+12 1.97534e+11 7.33121e+13 7.33478e+13
2967 6.74461e+12 1.97534e+11 7.33121e+13 7.33478e+13
2967 6.74461e+12 1.97534e+11 7.33121e+13 7.33478e+13
2967 6.74461e+12 1.97534e+11 7.33121e+13 7.33478e+13
2967 6.74461e+12 1.97534e+11 7.33121e+13 7.33478e+13
2967.01 6.74461e+12 1.97534e+11 7.33121e+13 7.33478e+13
2967.01 6.74461e+12 1.97534e+11 7.33121e+13 7.33478e+13
2967.01 6.74461e+12 1.97534e+11 7.33121e+13 7.33478e+13
2967.02 5.69094e+12 1.97534e+11 7.33121e+13 7.33478e+13
2967.02 5.69094e+12 1.97534e+11 7.33121e+13 7.33478e+13
2967.02 5.69094e+12 1.97534e+11 7.33121e+13 7.33478e+13
2967.03 5.69094e+12 1.97534e+11 7.33121e+13 7.33478e+13
2967.03 5.69094e+12 1.97534e+11 7.33121e+13 7.33478e+13
2967.04 5.69094e+12 1.97534e+11 7.33121e+13 7.33478e+13
2967.04 3.95054e+12 1.97534e+11 7.33121e+13 7.33478e+13
2967.04 3.95054e+12 1.97534e+11 7.33121e+13 7.33478e+13
2967.04 3.95054e+12 6.36441e+10 7.33121e+13 7.33478e+13
2967.04 3.95054e+12 6.36441e+10 7.33121e+13 7.33478e+13
2967.07 3.95054e+12 6.36441e+10 7.33121e+13 7.33478e+13
2967.08 3.95054e+12 6.36441e+10 7.33121e+13 7.33478e+13
2967.09 3.66985e+12 6.36441e+10 7.33121e+13 7.33478e+13
2967.09 2.82995e+12 6.36441e+10 7.33121e+13 7.33478e+13
2967.1 2.82995e+12 6.36441e+10 7.33121e+13 7.33478e+13
2967.1 2.82995e+12 6.36441e+10 7.33121e+13 7.33478e+13
2967.1 2.82995e+12 6.36441e+10 7.33121e+13 7.33478e+13
2967.1 2.22991e+12 6.36441e+10 7.33121e+13 7.33478e+13
2967.1 2.22991e+12 6.36441e+10 7.33121e+13 7.33478e+13
2967.1 1.9726e+12 6.36441e+10 7.33121e+13 7.33478e+13
2967.1 1.9726e+12 6.36441e+10 7.33121e+13 7.33478e+13
2967.11 1.9726e+12 6.36441e+10 7.33121e+13 7.33478e+13
2967.11 1.9726e+12 6.36441e+10 7.33121e+13 7.33478e+13
2967.12 1.9726e+12 6.36441e+10 7.33121e+13 7.33478e+13
2967.13 1.9726e+12 6.36441e+10 7.33121e+13 7.33478e+13
