1
3.12625
4.64649
9.09565
4.84678
13.6999
4.91195
15.7338
4.8581
20.15
4.87198
30.9909
4.91738
44.9588
4.95277
63.415
5.01925
90.5012
5.01232
122.596
4.85399
148.716
4.71524
174.055
4.54094
208.045
4.13709
227.788
3.93903
272.116
4.0532
352.022
4.07784
441.318
3.94494
572.03
3.81064
754.589
3.59181
918.104
3.40012
1023.56
3.35146
1120.65
3.39877
1354.08
3.42141
1563.02
3.21516
1543.82
2.90621
1478.46
2.77326
1481.91
2.88062
1506.71
3.0239
1454.28
3.06215
1312.07
3.06854
1147.46
3.09757
982.602
3.10627
779.087
3.09889
599.742
3.18151
443.714
3.21626
321.739
3.20758
244.412
3.1255
177.203
3.02908
140.423
2.97757
111.009
2.93373
82.8253
2.92468
59.2103
2.91819
42.3672
2.87293
32.1307
2.84685
23.9647
2.81078
18.524
2.79011
14.8329
2.77139
11.4081
2.74061
9.37676
2.78659
7.82511
2.90032
6.45187
3.12122
5.15942
3.39216
4.11418
3.85526
3.29783
4.64131
2.90094
5.72241
2.62278
6.91545
2.44784
8.22837
2.33911
9.45079
2.26189
10.8291
2.18453
12.6751
2.08276
14.7174
1.97987
17.526
1.90297
22.1363
1.80931
25.4506
1.7221
28.9556
1.6022
34.9887
1.48779
43.0445
1.39027
54.0531
1.30576
64.5549
1.25082
75.7599
1.21082
89.5176
1.17429
103.668
1.15887
129.344
1.17831
181.066
1.16145
276.684
1.06634
352.968
0.98998
390.278
0.914668
403.378
0.846561
408.689
0.76754
397.862
0.698731
369.718
0.634599
339.908
0.582537
314.746
0.550801
293.085
0.528626
269.149
0.505984
236.1
0.489498
203.706
0.481738
178.532
0.483784
161.839
0.481982
145.408
0.483995
127.22
0.484263
115.019
0.489295
102.538
0.493358
84.8627
0.494349
69.6667
0.492063
58.9555
0.489258
47.9943
0.484063
37.0025
0.478589
28.6884
0.470974
22.445
0.462423
18.2521
0.459755
14.8546
0.45444
12.4549
0.448754
10.147
0.436755
7.98987
0.42283
6.30142
0.408139
5.41926
0.391317
5.02929
0.377252
4.44448
0.363538
3.37217
0.349041
2.56604
0.335751
1.9642
0.325799
1.40989
0.315767
0.993323
0.314046
0.655513
0.314167
0.444611
0.329196
0.335042
0.36216
0.286145
0.404046
0.258605
0.458103
0.241473
0.556596
0.234486
0.787773
0.222356
1.20635
0.204236
1.5554
0.19511
1.85584
0.189218
2.1168
0.184241
2.51716
0.179138
2.97299
0.175147
3.42319
0.172038
4.23277
0.168545
5.69363
0.165022
7.86421
0.158381
10.8991
0.148932
14.162
0.141453
17.4453
0.134585
21.006
0.128815
24.6434
0.124223
26.7319
0.121227
27.7294
0.118519
32.2762
0.116271
40.799
0.114771
50.8765
0.111204
57.7758
0.107246
57.3723
0.104385
54.1061
0.103666
49.1289
0.102681
44.5987
0.102318
43.9795
0.101749
41.7869
0.100866
33.6431
0.10127
25.8026
0.1005
18.771
0.0967897
15.3733
0.0929064
13.2802
0.0894875
10.944
0.0870203
8.39588
0.0842922
6.17133
0.0820388
4.3994
0.0788295
2.99827
0.0746438
2.09947
0.0697597
1.59463
0.0654954
1.23545
0.0608566
0.913816
0.05653
0.690634
0.0528697
0.515283
0.0493857
0.383956
0.0465816
0.284813
0.0446158
0.198377
0.0431173
0.132353
0.0425102
0.0888302
0.0429317
0.0634172
0.0448739
0.0513483
0.0465301
0.0440156
0.0485504
0.0388506
0.0522562
0.0346971
0.061329
0.0319389
0.0790149
0.0298778
0.105646
0.0279935
0.140527
0.0267379
0.193532
0.0268681
0.30011
0.026891
0.488368
0.0257035
0.639892
0.0250496
0.740173
0.0248907
0.949373
0.0247835
1.25912
0.0248789
1.60523
0.0250004
1.76946
0.025133
1.80634
0.0253745
1.9235
0.0256367
2.2979
0.0258148
2.9784
0.0259555
3.62171
0.0261551
4.06599
0.0263767
4.21413
0.0263626
4.51442
0.0265242
5.33973
0.0265962
6.80602
0.0263571
8.71392
0.0259534
10.8207
0.0253789
12.1349
0.0246604
12.7193
0.0241966
13.0756
0.0236023
13.011
0.023078
12.3219
0.0224416
10.9306
0.0219534
9.18274
0.0212364
7.51417
0.020281
6.55987
0.0193843
6.22988
0.0185683
5.43979
0.017767
4.50665
0.0171446
3.82259
0.016718
3.23557
0.0162493
2.69227
0.0157702
2.20684
0.0152703
1.57656
0.0153038
0.956831
0.0148699
0.591761
0.0139926
0.456189
0.0134791
0.391746
0.0130568
0.324968
0.0127752
0.241262
0.0123135
0.185017
0.0119206
0.148379
0.0116353
0.120466
0.0113726
0.082696
0.0110636
0.0507866
0.0106639
0.0316051
0.0105601
0.0208568
0.0105295
0.0152994
0.0106557
0.0123611
0.0109353
0.0104804
0.0115756
0.00908219
0.0130659
0.00786074
0.0159711
0.00687691
0.0185477
0.00619308
0.0203959
0.00571162
0.0221875
0.00534793
0.0222278
0.00504828
0.0220608
0.00473253
0.0238999
0.0045123
0.0283664
0.00429403
0.0342836
0.00405056
0.039841
0.00385732
0.0471781
0.0036889
0.0573243
0.00352208
0.0645016
0.00340355
0.0651337
0.00328557
0.0725098
0.00320304
0.0934086
0.00310699
0.127878
0.00296357
0.187323
0.00277761
0.249576
0.00259379
0.30779
0.00247079
0.352113
0.00233151
0.404779
0.00219734
0.446692
0.00209765
0.47625
0.00201787
0.531002
0.0019538
0.618904
0.00190554
0.731313
0.00187301
0.850793
0.00183785
0.931849
0.00185313
0.917431
0.00183914
0.772627
0.00177049
0.673639
0.00172222
0.642522
0.00169649
0.559035
0.00168181
0.484614
0.00167907
0.46672
0.0016903
0.443329
0.00170828
0.355524
0.00173582
0.243139
0.00177952
0.167712
0.00177085
0.130226
0.00172292
0.114387
0.00167385
0.0975851
0.00164567
0.0764287
0.00163379
0.0552827
0.00161976
0.0383948
0.00165315
0.0231286
0.00171355
0.0133616
0.00166886
0.0113169
0.00163294
0.0109649
0.00163294
0.00911007
0.00168902
0.00624686
0.00176311
0.00417244
0.00183908
0.00319324
0.00194759
0.00267293
0.00212446
0.00248015
0.00235202
0.00226788
0.00273624
0.00201715
0.00370424
0.00189156
0.00499145
0.00182147
0.00574953
0.00178147
0.0059193
0.00174917
0.0069999
0.00171346
0.00882024
0.00167101
0.0101156
0.00163255
0.0105749
0.00160039
0.0118784
0.00155783
0.0145635
0.00151748
0.0182582
0.00148534
0.0223715
0.00146601
0.0269693
0.0014259
0.0323352
0.00136851
0.0385228
0.0013171
0.0493916
0.00126301
0.0609647
0.00120182
0.0735084
0.00114667
0.091099
0.00108455
0.106243
0.00102791
0.109752
0.00097852
0.116011
0.000926717
0.134061
0.000883155
0.161207
0.000869469
0.216059
0.000844491
0.295098
0.000790339
0.356456
0.000739118
0.376763
0.000701802
0.382836
0.0006739
0.371554
0.000651371
0.348835
0.000633664
0.327992
0.000625656
0.295026
0.000609949
0.232719
0.000578931
0.189286
0.000545383
0.181868
0.000521923
0.164451
0.000505677
0.121896
0.000501412
0.0857075
0.000491079
0.0661758
0.000459207
0.0548041
0.000437297
0.0421575
0.000432525
0.0247145
0.000437437
0.0131647
0.000412093
0.00884423
0.000384711
0.00675926
0.000367402
0.00553926
0.000354371
0.00428027
0.000343367
0.00319746
0.000333581
0.00250062
0.000327535
0.00199252
0.000323111
0.00175137
0.000316939
0.00150933
0.000307863
0.00120987
0.000299757
0.00103589
0.00029203
0.000898845
0.000284451
0.000754081
0.000277333
0.000616714
0.000274779
0.000483019
0.00028079
0.000387914
0.000305238
0.000308266
0.000356949
0.000254704
0.000420164
0.000227169
0.000470368
0.000209782
0.000539231
0.00019717
0.000595521
0.000187562
0.000647276
0.000179519
0.000741539
0.000172349
0.000882319
0.000164396
0.00107625
0.000157432
0.00127264
0.000150413
0.00147247
0.000147282
0.00173319
0.000143682
0.00217663
0.000139347
0.00264429
0.000136591
0.00330497
0.000134698
0.0042915
0.000131965
0.0053558
0.000128649
0.00632202
0.000126036
0.00723161
0.000124371
0.00803984
0.000124888
0.0086971
0.000127646
0.0107998
0.000126921
0.0143078
0.000121741
0.0165702
0.000118657
0.0189554
0.000117917
0.0227981
0.000118582
0.028545
0.000119592
0.0364911
0.000118911
0.0442021
0.000118603
0.0512132
0.000119828
0.0576159
0.0001194
0.0558438
0.000114518
0.0491603
0.000109427
0.0432117
0.000106869
0.0350856
0.000106109
0.0256019
0.00010548
0.0175887
0.00010236
0.012488
9.74761e-05
0.0104936
9.35261e-05
0.00930465
9.14476e-05
0.00793749
8.98455e-05
0.00617812
8.93229e-05
0.00483112
8.75437e-05
0.00371129
8.49814e-05
0.00257041
8.35505e-05
0.00167014
8.11809e-05
0.0012245
7.75768e-05
0.00113776
7.50467e-05
0.00101015
7.26855e-05
0.000831378
7.12559e-05
0.000680627
7.04437e-05
0.000516325
7.06563e-05
0.000347813
6.98614e-05
0.000232747
6.87464e-05
0.000172543
6.92574e-05
0.000142722
6.91417e-05
0.000121585
7.12191e-05
9.64067e-05
7.66177e-05
7.81522e-05
8.53221e-05
6.88953e-05
9.60268e-05
6.28274e-05
0.000107208
5.93498e-05
0.00011696
5.61596e-05
0.000130262
5.54281e-05
0.000146065
5.54535e-05
0.00018272
5.32631e-05
0.000253461
5.08689e-05
0.000326621
4.92964e-05
0.000351375
4.75039e-05
0.000372646
4.55136e-05
0.000452806
4.35527e-05
0.000563444
4.18229e-05
0.000673712
3.95729e-05
0.00078149
3.79435e-05
0.000954282
3.58537e-05
0.00116018
3.39995e-05
0.00122249
3.26386e-05
0.00128291
3.20174e-05
0.0016015
3.111e-05
0.00247272
2.92123e-05
0.00373273
2.71874e-05
0.00511826
2.56369e-05
0.0062766
2.46015e-05
0.00730347
2.38161e-05
0.00872797
2.30495e-05
0.0103628
2.26874e-05
0.0108969
2.21646e-05
0.00983114
2.07639e-05
0.00852811
1.97551e-05
0.00704006
1.90288e-05
0.00577593
1.82811e-05
0.00498452
1.80181e-05
0.00447092
1.76831e-05
0.00410752
1.75843e-05
0.00385204
1.73724e-05
0.00382032
1.73125e-05
0.00325189
1.72432e-05
0.00251812
1.72657e-05
0.00195818
1.73514e-05
0.00170864
1.73589e-05
0.00147655
1.70884e-05
0.0012244
1.6734e-05
0.0010836
1.6615e-05
0.000977592
1.66411e-05
0.000844426
1.71454e-05
0.000584531
1.7229e-05
0.000408921
1.66566e-05
0.000317467
1.61263e-05
0.000252333
1.60805e-05
0.000182305
1.60788e-05
0.000121063
1.59119e-05
9.64495e-05
1.56649e-05
9.77586e-05
1.52338e-05
8.32194e-05
1.50377e-05
6.37348e-05
1.48986e-05
4.88379e-05
1.48441e-05
3.86806e-05
1.49547e-05
3.19502e-05
1.5143e-05
2.69769e-05
1.55422e-05
2.24763e-05
1.68679e-05
1.86303e-05
1.94335e-05
1.62641e-05
2.23536e-05
1.48111e-05
2.69136e-05
1.37343e-05
3.09964e-05
1.30953e-05
3.28212e-05
1.24553e-05
3.66625e-05
1.17762e-05
4.53711e-05
1.1211e-05
5.66233e-05
1.08552e-05
6.81534e-05
1.09463e-05
8.74343e-05
1.10029e-05
0.000122386
1.05102e-05
0.000165681
1.01621e-05
0.000226451
1.02065e-05
0.000311211
1.02988e-05
0.000438687
9.72319e-06
0.000637319
9.26532e-06
0.000875259
9.11117e-06
0.00113049
8.94705e-06
0.00130471
8.79295e-06
0.00143063
8.56805e-06
0.00176654
8.34282e-06
0.00224578
8.13241e-06
0.00255455
8.10997e-06
0.00272407
7.96999e-06
0.00298216
7.94977e-06
0.0031747
8.05345e-06
0.00337534
7.96012e-06
0.00382233
7.63157e-06
0.00402557
7.28295e-06
0.00387843
7.08414e-06
0.003681
6.97601e-06
0.00333763
6.93126e-06
0.00287281
6.82601e-06
0.00238523
6.44269e-06
0.0020096
6.17418e-06
0.00167528
5.98294e-06
0.00145089
5.85422e-06
0.0011772
5.78239e-06
0.00081934
5.62242e-06
0.000563537
5.45091e-06
0.000460014
5.30092e-06
0.000358138
5.08695e-06
0.000258863
4.87957e-06
0.000201099
4.73687e-06
0.000178245
4.59226e-06
0.000153177
4.42752e-06
0.000120016
4.30284e-06
8.70728e-05
4.21732e-06
6.14854e-05
4.10975e-06
4.48715e-05
3.92781e-06
3.28712e-05
3.77193e-06
2.27601e-05
3.66438e-06
1.52138e-05
3.59917e-06
1.06844e-05
3.50434e-06
8.52304e-06
3.44907e-06
7.09391e-06
3.46314e-06
5.58048e-06
3.83982e-06
4.22803e-06
4.91967e-06
3.51434e-06
6.35309e-06
3.3089e-06
6.75091e-06
3.22549e-06
7.27708e-06
3.09823e-06
8.46895e-06
2.9972e-06
1.00257e-05
2.93357e-06
1.13214e-05
2.84223e-06
1.43691e-05
2.76079e-06
1.7595e-05
2.72152e-06
2.13142e-05
2.80344e-06
2.90018e-05
2.82592e-06
4.69275e-05
2.63297e-06
6.59405e-05
2.52257e-06
8.01718e-05
2.44746e-06
9.71623e-05
2.39707e-06
0.000125188
2.32053e-06
0.000162548
2.2261e-06
0.000166868
2.12413e-06
0.000165657
2.06444e-06
0.000200504
1.98856e-06
0.000255717
1.92451e-06
0.000308109
1.84708e-06
0.000329974
1.76834e-06
0.000389046
1.70807e-06
0.000499096
1.64479e-06
0.000599406
1.59596e-06
0.000618003
1.56137e-06
0.000577186
1.52432e-06
0.000604387
1.50596e-06
0.000684057
1.50498e-06
0.0007232
1.54499e-06
0.000765636
1.51839e-06
0.000739596
1.46383e-06
0.000617769
1.42645e-06
0.000494947
1.42247e-06
0.000386996
1.40377e-06
0.000293886
1.37259e-06
0.000223077
1.3354e-06
0.000179704
1.3087e-06
0.000163939
1.279e-06
0.000147917
1.2562e-06
0.000113757
1.24201e-06
8.33634e-05
1.21666e-06
7.01382e-05
1.16317e-06
6.15631e-05
1.1148e-06
4.88608e-05
1.08305e-06
3.70075e-05
1.04083e-06
3.06978e-05
1.00572e-06
2.55064e-05
9.66389e-07
2.05134e-05
9.33205e-07
1.57079e-05
9.11653e-07
1.26506e-05
8.79839e-07
1.08083e-05
8.63466e-07
8.40028e-06
8.53699e-07
5.57759e-06
8.4381e-07
3.58031e-06
8.30435e-07
2.51778e-06
8.57781e-07
1.67363e-06
9.10836e-07
1.29686e-06
9.37772e-07
1.26801e-06
8.98062e-07
1.13017e-06
9.28662e-07
9.6311e-07
1.07096e-06
8.69701e-07
1.41357e-06
8.15653e-07
1.99624e-06
7.7269e-07
2.52114e-06
7.39063e-07
2.80737e-06
7.16941e-07
3.25594e-06
6.96956e-07
4.01702e-06
6.89859e-07
5.18598e-06
6.78637e-07
7.3281e-06
6.57924e-07
1.10459e-05
6.48018e-07
1.48067e-05
6.40931e-07
1.81674e-05
6.28184e-07
2.44247e-05
6.00547e-07
3.08077e-05
5.71992e-07
3.11555e-05
5.47928e-07
3.39291e-05
5.25495e-07
4.15157e-05
5.09276e-07
5.17964e-05
4.95737e-07
5.77029e-05
4.83388e-07
6.37465e-05
4.66361e-07
7.61701e-05
4.51932e-07
9.2658e-05
4.45135e-07
0.000114295
4.42366e-07
0.000155604
4.32506e-07
0.000202624
4.08152e-07
0.000220608
3.93142e-07
0.000220596
3.88188e-07
0.000215614
3.85772e-07
0.000202994
3.89761e-07
0.000163086
3.96899e-07
0.000114406
3.87315e-07
9.18049e-05
3.73183e-07
8.21483e-05
3.62374e-07
6.85775e-05
3.58087e-07
5.35505e-05
3.58252e-07
3.87356e-05
3.48457e-07
2.55875e-05
3.28952e-07
1.83178e-05
3.14845e-07
1.39908e-05
3.03775e-07
1.15666e-05
2.93882e-07
1.00412e-05
2.84342e-07
8.97946e-06
2.75935e-07
8.34705e-06
2.67695e-07
7.61933e-06
2.61177e-07
6.93825e-06
2.54548e-07
5.80233e-06
2.54032e-07
4.25869e-06
2.55651e-07
2.87954e-06
2.53218e-07
1.94864e-06
2.48277e-07
1.50839e-06
2.46956e-07
1.12244e-06
2.52677e-07
6.95087e-07
2.53171e-07
4.88373e-07
2.55855e-07
3.97465e-07
2.67102e-07
3.07115e-07
2.90841e-07
2.51934e-07
3.27257e-07
2.25812e-07
3.51723e-07
2.11121e-07
3.5476e-07
1.98332e-07
3.72611e-07
1.84688e-07
4.36095e-07
1.75171e-07
5.06127e-07
1.66615e-07
5.71876e-07
1.61239e-07
6.55847e-07
1.5479e-07
8.03982e-07
1.49989e-07
9.76466e-07
1.43798e-07
9.31895e-07
1.38548e-07
9.42728e-07
1.34409e-07
1.17513e-06
1.2845e-07
1.37786e-06
1.24813e-07
1.59983e-06
1.22009e-07
2.01906e-06
1.21516e-07
2.86016e-06
1.1858e-07
3.94083e-06
1.12925e-07
5.09427e-06
1.07595e-07
6.53118e-06
1.03782e-07
8.72604e-06
1.0105e-07
1.2376e-05
9.63007e-08
1.64449e-05
9.16773e-08
1.84663e-05
8.78028e-08
1.81992e-05
8.36547e-08
1.85449e-05
7.9479e-08
1.84208e-05
7.64397e-08
1.87318e-05
7.28163e-08
1.95475e-05
7.02761e-08
2.23329e-05
6.62637e-08
2.698e-05
6.21951e-08
3.04284e-05
5.83911e-08
3.1001e-05
5.55367e-08
3.01393e-05
5.29003e-08
2.85706e-05
5.09713e-08
2.73727e-05
4.92355e-08
2.52537e-05
4.75045e-08
2.25222e-05
4.49821e-08
1.975e-05
4.25163e-08
1.66803e-05
4.0899e-08
1.33111e-05
4.03644e-08
8.71733e-06
4.05578e-08
5.20719e-06
3.74921e-08
3.70912e-06
3.52743e-08
2.85679e-06
3.42747e-08
2.17562e-06
3.38266e-08
1.52482e-06
3.30539e-08
1.05192e-06
3.20842e-08
7.92895e-07
3.11972e-08
5.96641e-07
3.02243e-08
4.5863e-07
2.97744e-08
3.52668e-07
2.90917e-08
2.90144e-07
2.85315e-08
2.39759e-07
2.79108e-08
1.81499e-07
2.76854e-08
1.30248e-07
2.73653e-08
1.02641e-07
2.72186e-08
7.79767e-08
2.71607e-08
5.75107e-08
2.80505e-08
4.60451e-08
2.83084e-08
3.97921e-08
2.80275e-08
3.57819e-08
2.81325e-08
3.21799e-08
2.86592e-08
2.83953e-08
3.03676e-08
2.49433e-08
3.47916e-08
2.30309e-08
3.95309e-08
2.17033e-08
4.55064e-08
2.002e-08
5.79871e-08
1.8852e-08
8.23328e-08
1.78149e-08
1.16182e-07
1.68095e-08
1.34914e-07
1.59515e-08
1.34635e-07
1.53833e-08
1.38532e-07
1.49441e-08
1.61095e-07
1.41679e-08
2.20826e-07
1.31596e-08
3.03946e-07
1.22941e-08
4.00612e-07
1.16801e-08
4.79441e-07
1.13713e-08
5.36548e-07
1.11241e-08
6.61805e-07
1.08831e-08
9.81271e-07
1.02465e-08
1.25854e-06
9.44369e-09
1.36668e-06
8.84215e-09
1.58344e-06
8.4215e-09
1.82291e-06
8.02992e-09
2.1898e-06
7.5426e-09
2.64828e-06
7.12426e-09
3.14432e-06
6.71264e-09
3.4093e-06
6.33953e-09
3.31597e-06
6.10624e-09
3.02552e-06
5.85036e-09
2.67304e-06
5.51048e-09
2.38393e-06
5.18688e-09
2.04216e-06
4.93338e-09
1.58717e-06
4.75759e-09
1.22088e-06
4.54074e-09
1.00323e-06
4.41399e-09
8.14419e-07
4.38264e-09
5.28504e-07
4.37399e-09
2.99931e-07
4.19522e-09
1.96771e-07
3.96852e-09
1.46556e-07
3.82638e-09
1.02071e-07
3.67136e-09
7.22497e-08
3.54628e-09
5.58455e-08
3.41262e-09
4.63335e-08
3.29505e-09
3.99655e-08
3.23659e-09
3.50802e-08
3.21434e-09
2.67892e-08
3.12365e-09
2.07241e-08
3.03275e-09
1.78845e-08
2.96597e-09
1.43325e-08
2.97338e-09
1.08483e-08
2.9333e-09
9.08409e-09
2.83942e-09
7.67838e-09
2.78171e-09
6.56864e-09
2.75088e-09
6.61958e-09
2.63163e-09
6.2358e-09
2.58455e-09
5.11196e-09
2.60523e-09
3.97215e-09
2.75824e-09
3.18956e-09
3.06386e-09
2.72959e-09
3.41884e-09
2.46723e-09
3.72461e-09
2.30227e-09
4.34696e-09
2.21398e-09
5.819e-09
2.16538e-09
8.55424e-09
2.04634e-09
1.22363e-08
1.95101e-09
1.48515e-08
1.92278e-09
1.70694e-08
1.89294e-09
1.95847e-08
1.86921e-09
2.31978e-08
1.84341e-09
2.95825e-08
1.8193e-09
3.78679e-08
1.78859e-09
4.49423e-08
1.76613e-09
5.41199e-08
1.74292e-09
6.43583e-08
1.71739e-09
6.89984e-08
1.69403e-09
7.44613e-08
1.68041e-09
9.1262e-08
1.68464e-09
1.13154e-07
1.67014e-09
1.47869e-07
1.70409e-09
2.07607e-07
1.73167e-09
3.16285e-07
1.6826e-09
4.23159e-07
1.63247e-09
4.60588e-07
1.60776e-09
4.86795e-07
1.62057e-09
5.92537e-07
1.65529e-09
7.19373e-07
1.70903e-09
7.93319e-07
1.69717e-09
8.46517e-07
1.61843e-09
8.27546e-07
1.58094e-09
7.90331e-07
1.56569e-09
7.62622e-07
1.56284e-09
7.53902e-07
1.57178e-09
7.46229e-07
1.58214e-09
7.05074e-07
1.60148e-09
6.11867e-07
1.62703e-09
5.12139e-07
1.6408e-09
4.05699e-07
1.63526e-09
2.84626e-07
1.63363e-09
1.98192e-07
1.67742e-09
1.55278e-07
1.69212e-09
1.23328e-07
1.63156e-09
9.41116e-08
1.57604e-09
7.73259e-08
1.54317e-09
6.72124e-08
1.49804e-09
5.32702e-08
1.43885e-09
3.91988e-08
1.38934e-09
2.75008e-08
1.36803e-09
1.7791e-08
1.3517e-09
1.17318e-08
1.27386e-09
8.43822e-09
1.19588e-09
6.66976e-09
1.14348e-09
5.50636e-09
1.09911e-09
4.48084e-09
1.04643e-09
3.60392e-09
1.00373e-09
2.85942e-09
9.6262e-10
2.41111e-09
9.21744e-10
2.0574e-09
8.86042e-10
1.70964e-09
8.74943e-10
1.45078e-09
8.72921e-10
1.11697e-09
9.62672e-10
8.40696e-10
1.20762e-09
7.16836e-10
1.46119e-09
6.51024e-10
1.56929e-09
6.00056e-10
1.88092e-09
5.55896e-10
2.41089e-09
5.18496e-10
2.87901e-09
4.86111e-10
3.27955e-09
4.67364e-10
4.00491e-09
4.39525e-10
4.48892e-09
4.19069e-10
5.13909e-09
4.02607e-10
6.29295e-09
3.78214e-10
6.52075e-09
3.60583e-10
7.16584e-09
3.45738e-10
9.30398e-09
3.27071e-10
1.11202e-08
3.11284e-10
1.25631e-08
2.93631e-10
1.53691e-08
2.8338e-10
2.07734e-08
2.74003e-10
3.17694e-08
2.59064e-10
4.91583e-08
2.3966e-10
6.84898e-08
2.26625e-10
7.85799e-08
2.15461e-10
7.80988e-08
2.08697e-10
8.44835e-08
2.04406e-10
9.36574e-08
2.0128e-10
1.00219e-07
1.92992e-10
1.01614e-07
1.84814e-10
1.01086e-07
1.78902e-10
9.48627e-08
1.76579e-10
8.17127e-08
1.71404e-10
6.89454e-08
1.63057e-10
6.05833e-08
1.55341e-10
5.75547e-08
1.47913e-10
4.81314e-08
1.46413e-10
3.43632e-08
1.46309e-10
2.46276e-08
1.37765e-10
1.79962e-08
1.31206e-10
1.24099e-08
1.26025e-10
8.53462e-09
1.21218e-10
6.89419e-09
1.16636e-10
6.26644e-09
1.12059e-10
4.94152e-09
1.0786e-10
3.90004e-09
1.04086e-10
3.16613e-09
1.01106e-10
2.16451e-09
9.8738e-11
1.37681e-09
9.61548e-11
9.48528e-10
8.98513e-11
7.07608e-10
8.47048e-11
4.78734e-10
8.18051e-11
3.04766e-10
8.02847e-11
2.12032e-10
7.9772e-11
1.73977e-10
7.83666e-11
1.4998e-10
7.75712e-11
1.24625e-10
7.75137e-11
1.09782e-10
7.79258e-11
1.02373e-10
7.6259e-11
9.95608e-11
7.58924e-11
8.74033e-11
8.39539e-11
7.02267e-11
1.13364e-10
6.09718e-11
1.49924e-10
5.73497e-11
1.75116e-10
5.56397e-11
1.8661e-10
5.44153e-11
2.25632e-10
5.30018e-11
2.84061e-10
5.22472e-11
3.26368e-10
5.1543e-11
3.57895e-10
5.12148e-11
4.38489e-10
5.14067e-11
6.41666e-10
5.05958e-11
9.74125e-10
4.99138e-11
1.56935e-09
4.95666e-11
2.4431e-09
4.72198e-11
3.28119e-09
4.54967e-11
3.79275e-09
4.45967e-11
4.29309e-09
4.43164e-11
4.62285e-09
4.38143e-11
4.69125e-09
4.40325e-11
5.198e-09
4.4171e-11
6.45305e-09
4.37719e-11
7.25384e-09
4.31375e-11
8.39201e-09
4.21557e-11
1.0921e-08
4.16977e-11
1.3105e-08
4.1318e-11
1.39592e-08
4.12179e-11
1.49221e-08
4.12937e-11
1.68236e-08
4.14783e-11
1.83743e-08
4.02272e-11
1.97408e-08
3.82277e-11
2.00758e-08
3.65806e-11
1.82161e-08
3.56248e-11
1.54408e-08
3.45888e-11
1.22539e-08
3.35999e-11
1.02025e-08
3.25101e-11
8.89457e-09
3.17362e-11
6.52691e-09
3.13008e-11
3.95793e-09
3.06785e-11
2.59263e-09
2.83721e-11
2.01413e-09
2.63326e-11
1.46134e-09
2.49457e-11
1.10338e-09
2.37494e-11
9.9284e-10
2.26642e-11
9.50721e-10
2.15119e-11
8.0232e-10
2.04861e-11
6.93406e-10
1.94706e-11
5.52042e-10
1.83096e-11
4.3125e-10
1.72732e-11
3.71608e-10
1.63726e-11
3.19758e-10
1.58411e-11
2.27823e-10
1.55588e-11
1.42504e-10
1.50183e-11
9.15355e-11
1.42543e-11
6.2913e-11
1.37422e-11
4.24289e-11
1.34751e-11
3.09253e-11
1.30918e-11
2.50263e-11
1.28045e-11
1.9534e-11
1.2883e-11
1.55439e-11
1.39551e-11
1.31882e-11
1.63285e-11
1.15847e-11
1.90292e-11
1.04748e-11
2.26412e-11
9.75731e-12
3.19316e-11
8.73097e-12
4.50513e-11
8.01164e-12
5.80242e-11
7.55646e-12
6.62701e-11
7.17558e-12
6.20608e-11
6.90517e-12
6.47583e-11
6.70977e-12
9.12197e-11
6.35888e-12
1.22735e-10
5.92135e-12
1.3146e-10
5.51705e-12
1.39193e-10
5.16875e-12
1.64883e-10
4.85362e-12
2.06413e-10
4.5911e-12
2.58258e-10
4.32565e-12
2.88151e-10
4.09625e-12
3.0971e-10
3.8772e-12
3.60887e-10
3.7127e-12
4.72794e-10
3.5647e-12
6.12494e-10
3.34794e-12
7.93965e-10
3.14343e-12
9.25093e-10
2.96899e-12
9.78045e-10
2.77607e-12
1.03552e-09
2.59592e-12
1.04912e-09
2.44252e-12
1.03653e-09
2.3009e-12
1.11828e-09
2.16837e-12
1.12541e-09
2.07059e-12
1.0452e-09
2.01416e-12
8.88871e-10
1.90111e-12
7.41522e-10
1.77046e-12
7.0163e-10
1.66949e-12
5.6371e-10
1.58397e-12
4.15254e-10
1.53518e-12
3.55274e-10
1.49535e-12
2.76237e-10
1.42622e-12
1.78884e-10
1.35113e-12
1.22481e-10
1.2736e-12
8.97797e-11
1.2099e-12
6.45419e-11
1.1388e-12
4.85094e-11
1.07482e-12
3.41732e-11
1.0284e-12
2.26191e-11
9.85803e-13
1.50788e-11
9.28866e-13
1.19982e-11
8.70178e-13
1.10644e-11
8.18373e-13
8.66776e-12
7.84144e-13
6.80258e-12
7.46064e-13
5.30455e-12
7.08002e-13
3.93382e-12
6.74452e-13
2.9068e-12
6.43916e-13
2.1098e-12
6.33412e-13
1.46043e-12
6.78717e-13
9.93023e-13
7.56807e-13
7.31944e-13
8.21181e-13
6.18238e-13
9.17756e-13
5.87372e-13
9.24744e-13
5.67842e-13
8.89416e-13
5.28842e-13
1.02335e-12
4.88107e-13
1.22695e-12
4.5499e-13
1.26339e-12
4.23047e-13
1.32651e-12
4.02212e-13
1.50367e-12
3.8453e-13
1.70699e-12
3.71134e-13
2.14132e-12
3.63625e-13
3.01919e-12
3.48807e-13
3.9627e-12
3.28457e-13
4.55787e-12
3.16825e-13
5.56255e-12
3.04561e-13
6.27327e-12
2.90929e-13
7.25789e-12
2.77342e-13
9.1231e-12
2.6378e-13
1.05355e-11
2.50688e-13
1.19481e-11
2.35728e-13
1.44496e-11
2.24464e-13
1.7475e-11
2.15463e-13
1.89551e-11
2.06804e-13
2.13475e-11
1.97741e-13
2.63334e-11
1.90878e-13
3.23125e-11
1.87781e-13
4.21282e-11
1.83846e-13
5.92232e-11
1.7557e-13
7.63032e-11
1.67586e-13
8.29455e-11
1.62587e-13
8.39565e-11
1.5538e-13
8.21087e-11
1.47351e-13
7.97835e-11
1.42036e-13
7.45927e-11
1.36369e-13
6.49485e-11
1.33105e-13
5.66192e-11
1.29699e-13
5.07803e-11
1.24024e-13
4.09623e-11
1.20359e-13
3.38349e-11
1.16616e-13
2.70789e-11
1.12633e-13
1.89293e-11
1.09138e-13
1.27613e-11
1.05451e-13
9.87108e-12
1.01198e-13
8.14885e-12
9.67446e-14
5.82263e-12
9.49129e-14
3.38844e-12
9.4517e-14
1.88826e-12
9.00727e-14
1.40203e-12
8.3934e-14
1.10426e-12
8.18751e-14
7.76346e-13
8.09687e-14
5.25113e-13
7.56847e-14
4.16254e-13
7.04904e-14
3.69927e-13
6.74046e-14
3.06331e-13
6.4261e-14
2.31237e-13
6.28946e-14
1.97006e-13
6.13153e-14
1.75687e-13
5.85309e-14
1.37218e-13
5.60446e-14
1.18701e-13
5.39437e-14
9.86696e-14
5.30831e-14
7.95713e-14
5.48629e-14
7.23397e-14
5.5278e-14
6.03444e-14
5.86491e-14
4.94473e-14
6.67619e-14
4.4389e-14
7.06972e-14
4.09164e-14
7.93618e-14
3.86489e-14
9.84632e-14
3.74937e-14
1.29477e-13
3.51556e-14
1.68301e-13
3.2754e-14
2.02166e-13
3.13148e-14
2.30264e-13
3.1108e-14
2.90903e-13
3.08566e-14
4.62697e-13
2.85885e-14
6.74364e-13
2.65609e-14
7.39353e-13
2.53507e-14
7.68103e-13
2.45167e-14
8.36256e-13
2.39688e-14
9.4135e-13
2.34038e-14
1.16281e-12
2.30018e-14
1.67845e-12
2.17898e-14
2.38375e-12
2.05264e-14
3.15636e-12
1.97545e-14
4.15669e-12
1.88812e-14
5.00055e-12
1.78322e-14
5.482e-12
1.71613e-14
6.38386e-12
1.65408e-14
7.26686e-12
1.59037e-14
7.59443e-12
1.47014e-14
7.72306e-12
1.37849e-14
6.9701e-12
1.2994e-14
6.11986e-12
1.20215e-14
5.86318e-12
1.11914e-14
5.09295e-12
1.04323e-14
4.33118e-12
9.81249e-15
3.83925e-12
9.30515e-15
3.29714e-12
8.86982e-15
2.94056e-12
8.40211e-15
2.43893e-12
7.97471e-15
1.71227e-12
7.78334e-15
1.04004e-12
7.45637e-15
7.21e-13
6.75096e-15
5.41661e-13
6.26267e-15
4.0371e-13
5.98911e-15
2.99782e-13
5.81922e-15
2.20884e-13
5.5838e-15
1.72746e-13
5.35962e-15
1.46122e-13
5.14341e-15
1.24161e-13
4.9508e-15
1.10687e-13
4.77149e-15
1.08944e-13
4.5739e-15
8.89132e-14
4.53758e-15
6.42216e-14
4.63912e-15
4.62867e-14
4.47412e-15
3.55251e-14
4.17802e-15
2.52713e-14
4.02236e-15
1.84152e-14
3.94324e-15
1.45475e-14
3.84749e-15
1.08717e-14
3.81255e-15
7.47575e-15
3.86654e-15
5.40789e-15
4.05223e-15
4.55111e-15
4.09632e-15
3.94305e-15
4.11589e-15
3.37827e-15
4.47901e-15
2.93131e-15
5.41621e-15
2.65934e-15
6.229e-15
2.47708e-15
6.55412e-15
2.3069e-15
7.61562e-15
2.13246e-15
9.61767e-15
1.97316e-15
1.08473e-14
1.8319e-15
1.17052e-14
1.70343e-15
1.31624e-14
1.5996e-15
1.58223e-14
1.53555e-15
1.85864e-14
1.48107e-15
2.44205e-14
1.35135e-15
3.08497e-14
1.22703e-15
3.14703e-14
1.14859e-15
3.15556e-14
1.07348e-15
3.2567e-14
9.94572e-16
3.88152e-14
9.2163e-16
5.10603e-14
8.49957e-16
6.45043e-14
7.91466e-16
7.21133e-14
7.42847e-16
8.1269e-14
6.92883e-16
1.00371e-13
6.46875e-16
1.1917e-13
6.19741e-16
1.4016e-13
6.07154e-16
1.87937e-13
5.6523e-16
2.35565e-13
5.12073e-16
2.41256e-13
4.79318e-16
2.45489e-13
4.4817e-16
2.37475e-13
4.19828e-16
2.16821e-13
3.94462e-16
2.01226e-13
3.70559e-16
1.78843e-13
3.46994e-16
1.45379e-13
3.3063e-16
1.04239e-13
3.15046e-16
7.97005e-14
2.99628e-16
6.59756e-14
2.85152e-16
4.86006e-14
2.68259e-16
3.47855e-14
2.51325e-16
2.87063e-14
2.37682e-16
2.35972e-14
2.27317e-16
1.69035e-14
2.23569e-16
1.05675e-14
2.23209e-16
6.46681e-15
2.07522e-16
