Index | Lambda          | RelErr(|Kx|)    | RelErr(|L*Mx|)
---------------------------------------------------------
6     | 3.80564867e+03  | 1.62698087e-04      
7     | 4.23101573e+03  | 1.16583854e-04      
8     | 3.02657413e+04  | 1.69242729e-05      
9     | 3.50526850e+04  | 1.08643327e-05      
10    | 6.56481902e+04  | 6.41957713e-06      
11    | 8.93223090e+04  | 1.15259933e-06      
12    | 9.38390741e+04  | 8.53087043e-07      
13    | 1.07337873e+05  | 4.68123315e-06      
14    | 1.12935608e+05  | 6.20251963e-07      
15    | 1.18967813e+05  | 7.64782266e-07      
16    | 1.22651903e+05  | 2.90891482e-06      
17    | 1.79047113e+05  | 4.52155436e-07      
18    | 1.82572571e+05  | 4.82513755e-07      
19    | 1.89668065e+05  | 3.55941047e-07      
26    | 3.21266038e+05  | 2.72688247e-07      
27    | 3.46137045e+05  | 1.91401416e-07      
28    | 3.53988289e+05  | 9.38045005e-07      
29    | 4.28117961e+05  | 2.86262683e-07      
30    | 4.33281347e+05  | 2.49102293e-07      
31    | 4.52467887e+05  | 2.06731092e-07      
32    | 4.75698607e+05  | 2.37964236e-07      
33    | 6.08309368e+05  | 7.81580173e-07      
34    | 6.16004098e+05  | 2.51469421e-07      
35    | 6.20139647e+05  | 5.44116730e-07      
36    | 6.26246344e+05  | 4.87434705e-07      
37    | 6.74643671e+05  | 6.24129083e-08      
38    | 6.86613659e+05  | 4.45529572e-08      
39    | 7.30875921e+05  | 1.54441222e-07      
46    | 8.39392724e+05  | 1.06556365e-07      
47    | 8.59332493e+05  | 1.46752597e-07      
48    | 8.74906441e+05  | 1.40403440e-07      
49    | 9.06058651e+05  | 3.47066684e-07      
50    | 9.18831251e+05  | 9.42868608e-08      
51    | 9.49304968e+05  | 6.33049560e-07      
52    | 9.52869679e+05  | 1.89641273e-07      
53    | 1.02726061e+06  | 4.50891857e-07      
54    | 1.03448940e+06  | 2.21379770e-07      
55    | 1.04690588e+06  | 8.89053841e-08      
56    | 1.06254590e+06  | 3.13522352e-07      
57    | 1.10550287e+06  | 1.60106276e-07      
58    | 1.16710245e+06  | 2.53795931e-07      
59    | 1.29403083e+06  | 9.83162837e-08      
66    | 1.64074490e+06  | 7.74462936e-08      
67    | 1.73918786e+06  | 2.10279782e-07      
68    | 1.75557544e+06  | 1.08247353e-07      
69    | 1.81231852e+06  | 1.69325266e-07      
70    | 1.82850398e+06  | 1.06398040e-07      
71    | 1.89177993e+06  | 8.25393999e-08      
72    | 1.89646908e+06  | 1.04176275e-07      
73    | 1.90229352e+06  | 2.01325468e-07      
74    | 1.93735179e+06  | 8.73583455e-08      
75    | 1.95922491e+06  | 5.21637669e-08      
76    | 1.98007455e+06  | 6.54790019e-08      
77    | 1.99088219e+06  | 5.87662777e-08      
78    | 2.07033012e+06  | 4.94076264e-08      
79    | 2.09808277e+06  | 9.90836461e-08      
86    | 2.43840831e+06  | 5.66047473e-08      
87    | 2.45507070e+06  | 1.66361531e-07      
88    | 2.46461384e+06  | 1.70788144e-08      
89    | 2.49408275e+06  | 1.23716559e-07      
90    | 2.54126760e+06  | 1.43907406e-07      
91    | 2.54955990e+06  | 5.26936824e-08      
92    | 2.56108344e+06  | 5.61754260e-08      
93    | 2.56835954e+06  | 9.21245546e-08      
94    | 2.62910959e+06  | 9.03989990e-08      
95    | 2.68324673e+06  | 2.95175118e-08      
96    | 2.73070385e+06  | 7.88451632e-08      
97    | 2.76281227e+06  | 9.96456491e-08      
98    | 2.77641935e+06  | 2.12580518e-07      
99    | 2.78136868e+06  | 2.35063480e-07      
106   | 3.04746908e+06  | 1.06841835e-07      
107   | 3.07571973e+06  | 7.80608794e-08      
108   | 3.07763247e+06  | 7.29107926e-08      
109   | 3.10785205e+06  | 6.40244730e-08      
110   | 3.13262027e+06  | 9.03372764e-08      
111   | 3.21637608e+06  | 1.04428297e-07      
112   | 3.22950526e+06  | 1.39387621e-07      
113   | 3.25223994e+06  | 8.59551794e-08      
114   | 3.27451608e+06  | 1.28029610e-07      
115   | 3.29345463e+06  | 9.60593989e-08      
116   | 3.35279043e+06  | 2.69871134e-08      
117   | 3.38945335e+06  | 1.26637002e-07      
118   | 3.41084545e+06  | 7.01183169e-08      
119   | 3.41604274e+06  | 7.55165445e-08      
126   | 3.79379899e+06  | 4.37758268e-08      
127   | 3.81647227e+06  | 6.00563386e-08      
128   | 3.81858279e+06  | 5.10510850e-08      
129   | 3.85142228e+06  | 1.00106335e-07      
130   | 3.86470894e+06  | 5.60824309e-08      
131   | 3.87556723e+06  | 1.05510105e-07      
132   | 3.92208678e+06  | 5.98179631e-08      
133   | 3.95658977e+06  | 9.67075848e-08      
134   | 4.04050147e+06  | 7.36242320e-08      
135   | 4.08795033e+06  | 1.01353474e-07      
136   | 4.09856417e+06  | 1.01734333e-07      
137   | 4.11017700e+06  | 8.86173461e-08      
138   | 4.12874269e+06  | 6.69543301e-08      
139   | 4.12945386e+06  | 6.84111188e-08      
146   | 4.45806626e+06  | 2.75043305e-07      
147   | 4.49283999e+06  | 7.72340917e-08      
148   | 4.50931746e+06  | 3.28249783e-07      
149   | 4.57576351e+06  | 1.17069554e-07      
150   | 4.62283495e+06  | 4.40437410e-08      
151   | 4.68762630e+06  | 2.89364162e-08      
152   | 4.72045854e+06  | 6.60305942e-08      
153   | 4.76158854e+06  | 7.12260756e-08      
154   | 4.89258451e+06  | 1.11550059e-07      
155   | 4.97329273e+06  | 6.62341688e-08      
156   | 5.01213520e+06  | 2.16487599e-08      
157   | 5.03406893e+06  | 1.35361183e-07      
158   | 5.05672421e+06  | 1.00141041e-07      
159   | 5.10203607e+06  | 9.92816989e-08      
166   | 5.52169221e+06  | 3.29484589e-07      
167   | 5.56524219e+06  | 8.77206576e-08      
168   | 5.57124218e+06  | 2.13294448e-07      
169   | 5.59689553e+06  | 9.54290437e-08      
170   | 5.61857011e+06  | 4.97282386e-08      
171   | 5.63480502e+06  | 4.14361520e-08      
172   | 5.90153272e+06  | 7.75191734e-08      
173   | 5.97542077e+06  | 8.39435428e-08      
174   | 5.98953400e+06  | 1.29136575e-07      
175   | 6.01840587e+06  | 1.09931488e-07      
176   | 6.09380536e+06  | 6.74242052e-08      
177   | 6.12982021e+06  | 5.83258889e-08      
178   | 6.16946271e+06  | 7.14211856e-08      
179   | 6.23244168e+06  | 5.36030712e-08      
186   | 6.59261032e+06  | 6.05242442e-08      
187   | 6.60090978e+06  | 7.33409348e-08      
188   | 6.68024567e+06  | 8.14989100e-08      
189   | 6.73285136e+06  | 1.66759610e-08      
190   | 6.76036901e+06  | 6.99974292e-08      
191   | 6.76786392e+06  | 6.29829504e-08      
192   | 6.81251839e+06  | 1.32148910e-07      
193   | 6.84438866e+06  | 8.72943083e-08      
194   | 6.87005499e+06  | 5.05112251e-08      
195   | 6.87236748e+06  | 2.85828188e-07      
196   | 6.93413165e+06  | 2.12378257e-07      
197   | 6.97680620e+06  | 1.23166565e-07      
198   | 7.00544907e+06  | 4.15267361e-08      
199   | 7.05600103e+06  | 5.36558612e-08      
206   | 7.22243578e+06  | 1.09777532e-07      
207   | 7.29625852e+06  | 4.31511496e-08      
208   | 7.31755663e+06  | 5.33592856e-08      
209   | 7.32844126e+06  | 1.14977921e-07      
210   | 7.34739425e+06  | 4.63916201e-08      
211   | 7.45093991e+06  | 3.57066331e-08      
212   | 7.49283061e+06  | 1.03087156e-07      
213   | 7.51130480e+06  | 4.45898733e-08      
214   | 7.52151570e+06  | 4.88921937e-08      
215   | 7.55105548e+06  | 6.54770619e-08      
216   | 7.56055730e+06  | 7.94696758e-08      
217   | 7.63203075e+06  | 3.17297253e-08      
218   | 7.66554988e+06  | 5.13529413e-08      
219   | 7.72594903e+06  | 7.19565352e-08      
226   | 8.22180306e+06  | 3.59309708e-08      
227   | 8.27460620e+06  | 7.29665094e-08      
228   | 8.36310275e+06  | 1.19912155e-07      
229   | 8.37634118e+06  | 9.33689346e-08      
230   | 8.41745236e+06  | 1.46994044e-07      
231   | 8.46028207e+06  | 1.22614898e-07      
232   | 8.51135011e+06  | 9.13504332e-08      
233   | 8.55716673e+06  | 8.52396807e-08      
234   | 8.56707371e+06  | 8.87409837e-08      
235   | 8.63536812e+06  | 6.43440679e-08      
236   | 8.79620515e+06  | 1.08727822e-07      
237   | 8.83731016e+06  | 7.88277479e-08      
238   | 8.84084307e+06  | 7.63250185e-08      
239   | 8.86446297e+06  | 8.40394664e-08      
246   | 9.20453196e+06  | 3.66901299e-08      
247   | 9.31788266e+06  | 6.41446292e-08      
248   | 9.44475321e+06  | 7.32380335e-08      
249   | 9.46433668e+06  | 8.11968907e-08      
250   | 9.48478479e+06  | 8.22931160e-08      
251   | 9.53401172e+06  | 7.33820439e-08      
252   | 9.53852488e+06  | 8.51523965e-08      
253   | 9.58941267e+06  | 8.47253511e-08      
254   | 9.65435690e+06  | 4.23022518e-08      
255   | 9.68591805e+06  | 9.81160101e-08      
256   | 9.71711089e+06  | 6.93795041e-08      
257   | 9.78696695e+06  | 8.30250141e-08      
258   | 9.87586498e+06  | 2.18089404e-08      
259   | 9.89495214e+06  | 4.53502696e-08      
266   | 1.03276338e+07  | 1.19916449e-07      
267   | 1.03964010e+07  | 4.33520048e-08      
268   | 1.03994550e+07  | 8.29823406e-08      
269   | 1.04634649e+07  | 5.07367101e-08      
270   | 1.04828450e+07  | 6.01565796e-08      
271   | 1.05232071e+07  | 4.79759601e-08      
272   | 1.05782442e+07  | 5.74619297e-08      
273   | 1.05967408e+07  | 1.18622999e-07      
274   | 1.06607837e+07  | 7.07694319e-08      
275   | 1.07085683e+07  | 1.19981284e-07      
276   | 1.07481856e+07  | 1.19319164e-07      
277   | 1.07790612e+07  | 8.61760473e-08      
278   | 1.08029471e+07  | 7.64100169e-08      
279   | 1.08348003e+07  | 1.07775480e-07      
286   | 1.11131216e+07  | 7.74221972e-08      
287   | 1.12291923e+07  | 6.84282437e-08      
288   | 1.12601162e+07  | 1.63187043e-07      
289   | 1.12924270e+07  | 5.88597432e-08      
290   | 1.13581054e+07  | 6.66645834e-08      
291   | 1.13858977e+07  | 4.87584471e-08      
292   | 1.14291165e+07  | 9.14666362e-08      
293   | 1.14812815e+07  | 5.11350906e-08      
294   | 1.16158685e+07  | 1.17710655e-07      
295   | 1.18181975e+07  | 4.26846345e-08      
296   | 1.18320329e+07  | 7.94991858e-08      
297   | 1.18919474e+07  | 7.26304193e-08      
298   | 1.18960073e+07  | 6.35920797e-08      
299   | 1.19434400e+07  | 7.09097324e-08      
306   | 1.23360211e+07  | 6.19953014e-08      
307   | 1.24393727e+07  | 9.49245553e-08      
308   | 1.24746600e+07  | 9.49714804e-08      
309   | 1.25191734e+07  | 8.19513838e-08      
310   | 1.26052868e+07  | 5.79859584e-08      
311   | 1.26935423e+07  | 7.21076298e-08      
312   | 1.27653173e+07  | 7.05240617e-08      
313   | 1.27717859e+07  | 1.16690977e-07      
314   | 1.28125855e+07  | 5.73001877e-08      
315   | 1.28576550e+07  | 7.63193456e-08      
316   | 1.28810900e+07  | 1.72425722e-07      
317   | 1.29648367e+07  | 5.36031953e-08      
318   | 1.29916606e+07  | 6.63398893e-08      
319   | 1.30623584e+07  | 8.54147587e-08      
326   | 1.33146396e+07  | 4.57227390e-08      
327   | 1.33820063e+07  | 7.31510791e-08      
328   | 1.34257938e+07  | 8.38191008e-08      
329   | 1.34630959e+07  | 5.37975098e-08      
330   | 1.35202656e+07  | 9.68977547e-08      
331   | 1.35716158e+07  | 9.75501382e-09      
332   | 1.35966842e+07  | 5.49912386e-08      
333   | 1.36237937e+07  | 2.03219025e-08      
334   | 1.36917973e+07  | 7.71046642e-08      
335   | 1.38207023e+07  | 6.81232479e-08      
336   | 1.38249071e+07  | 7.15578417e-08      
337   | 1.38596644e+07  | 6.42055769e-08      
338   | 1.38724846e+07  | 5.26861989e-08      
339   | 1.39578515e+07  | 6.96537585e-08      
346   | 1.42328143e+07  | 1.12907492e-07      
347   | 1.43439875e+07  | 1.45454054e-08      
348   | 1.43583580e+07  | 7.33484825e-08      
349   | 1.43991286e+07  | 2.85082358e-08      
350   | 1.44264865e+07  | 8.16333614e-08      
351   | 1.45129812e+07  | 7.36306883e-08      
352   | 1.45936673e+07  | 5.19819206e-08      
353   | 1.46574213e+07  | 5.82178539e-08      
354   | 1.46902962e+07  | 4.01187362e-08      
355   | 1.47088932e+07  | 4.74325837e-08      
356   | 1.47416845e+07  | 4.95309082e-08      
357   | 1.47944605e+07  | 9.68112503e-08      
358   | 1.48698267e+07  | 2.91954628e-08      
359   | 1.48873696e+07  | 3.90095324e-08      
366   | 1.51470003e+07  | 5.63460201e-08      
367   | 1.52131319e+07  | 9.58789336e-08      
368   | 1.53173851e+07  | 5.82337329e-08      
369   | 1.53909676e+07  | 8.54596686e-08      
370   | 1.55049123e+07  | 9.50699737e-08      
371   | 1.55583982e+07  | 3.24503641e-08      
372   | 1.55739458e+07  | 1.32273143e-07      
373   | 1.56092802e+07  | 1.04236514e-07      
374   | 1.56190944e+07  | 9.72811976e-08      
375   | 1.57134539e+07  | 5.79057226e-08      
376   | 1.58074011e+07  | 5.56978509e-08      
377   | 1.58342874e+07  | 6.91179712e-08      
378   | 1.58654471e+07  | 3.55731454e-08      
379   | 1.59462776e+07  | 5.20413961e-08      
386   | 1.62641369e+07  | 5.48572738e-08      
387   | 1.62995600e+07  | 6.36344641e-08      
388   | 1.63535013e+07  | 5.17821675e-08      
389   | 1.65628858e+07  | 1.04630741e-07      
390   | 1.66306588e+07  | 7.27081408e-08      
391   | 1.66538110e+07  | 6.27370069e-08      
392   | 1.66970253e+07  | 6.80968654e-08      
393   | 1.67197326e+07  | 6.36382058e-08      
394   | 1.67464073e+07  | 5.04492959e-08      
395   | 1.67849326e+07  | 7.42223512e-08      
396   | 1.67984506e+07  | 5.72404436e-08      
397   | 1.68393218e+07  | 1.08997148e-07      
398   | 1.68849263e+07  | 8.22957151e-08      
399   | 1.69025426e+07  | 7.93557180e-08      
406   | 1.72781685e+07  | 8.57237807e-08      
407   | 1.72942914e+07  | 9.88826737e-08      
408   | 1.73925253e+07  | 6.70583313e-08      
409   | 1.74839033e+07  | 6.51927242e-08      
410   | 1.75362399e+07  | 5.61427483e-08      
411   | 1.76270547e+07  | 7.46547459e-08      
412   | 1.77018347e+07  | 5.43110403e-08      
413   | 1.77100585e+07  | 1.02109522e-07      
414   | 1.77170215e+07  | 6.18226469e-08      
415   | 1.78029196e+07  | 5.67678191e-08      
416   | 1.78296961e+07  | 5.29982807e-08      
417   | 1.78504543e+07  | 5.99821117e-08      
418   | 1.78829429e+07  | 4.28933883e-08      
419   | 1.79112827e+07  | 5.82378092e-08      
426   | 1.82829146e+07  | 6.04621323e-08      
427   | 1.83012210e+07  | 3.06378034e-08      
428   | 1.83313073e+07  | 7.75713424e-08      
429   | 1.83846778e+07  | 5.38553614e-08      
430   | 1.84835033e+07  | 1.27764642e-07      
431   | 1.85163184e+07  | 5.56537622e-08      
432   | 1.85758989e+07  | 4.47875563e-08      
433   | 1.86147521e+07  | 9.16089067e-08      
434   | 1.86557839e+07  | 3.97277723e-07      
435   | 1.87425325e+07  | 7.08866581e-08      
436   | 1.89434639e+07  | 1.33255952e-07      
437   | 1.90686939e+07  | 2.61879410e-07      
438   | 1.91042187e+07  | 1.96584826e-07      
439   | 1.91254322e+07  | 5.95949684e-08      
446   | 1.94758918e+07  | 7.90619707e-08      
447   | 1.95788622e+07  | 7.78597719e-08      
448   | 1.96341086e+07  | 4.39871841e-08      
449   | 1.96892067e+07  | 7.51804856e-08      
450   | 1.97017509e+07  | 7.41372239e-08      
451   | 1.97701243e+07  | 7.90134034e-08      
452   | 1.97926265e+07  | 8.93794712e-08      
453   | 1.98464653e+07  | 5.56528058e-08      
454   | 1.98780122e+07  | 4.62772182e-08      
455   | 1.99164964e+07  | 4.54430025e-08      
456   | 1.99676535e+07  | 9.14728569e-08      
457   | 2.00076669e+07  | 8.39703052e-08      
458   | 2.00506899e+07  | 6.08146508e-08      
459   | 2.00539846e+07  | 5.32661829e-08      
466   | 2.05987229e+07  | 5.04479317e-08      
467   | 2.06200564e+07  | 9.39860133e-08      
468   | 2.06313545e+07  | 1.06413217e-07      
469   | 2.06591487e+07  | 5.50893652e-08      
470   | 2.07360819e+07  | 1.67143434e-07      
471   | 2.07919352e+07  | 8.61276676e-08      
472   | 2.08212700e+07  | 7.14571097e-08      
473   | 2.08409235e+07  | 5.24173083e-08      
474   | 2.09387675e+07  | 7.80731388e-08      
475   | 2.10001912e+07  | 9.48496635e-08      
476   | 2.10287814e+07  | 7.28761991e-08      
477   | 2.10598669e+07  | 6.95955654e-08      
478   | 2.10759572e+07  | 3.28782901e-08      
479   | 2.11942776e+07  | 8.94507432e-08      
486   | 2.14287767e+07  | 9.64152435e-08      
487   | 2.15354233e+07  | 8.43991953e-08      
488   | 2.15837864e+07  | 5.66536785e-08      
489   | 2.16467240e+07  | 5.22129031e-08      
490   | 2.17260131e+07  | 7.52300296e-08      
491   | 2.17869665e+07  | 6.66871264e-08      
492   | 2.18894474e+07  | 2.02163716e-08      
493   | 2.19093877e+07  | 9.56456525e-08      
494   | 2.19425286e+07  | 7.84448809e-08      
495   | 2.20834521e+07  | 1.05370610e-07      
496   | 2.21822137e+07  | 1.24730029e-07      
497   | 2.22470770e+07  | 9.39027792e-08      
498   | 2.22848252e+07  | 4.95511580e-08      
499   | 2.23520516e+07  | 4.41405763e-08      
506   | 2.26356118e+07  | 8.52510960e-08      
507   | 2.27053150e+07  | 6.60169647e-08      
508   | 2.27540577e+07  | 5.16908774e-08      
509   | 2.27589906e+07  | 5.16418567e-08      
510   | 2.28808940e+07  | 1.00479711e-07      
511   | 2.29488283e+07  | 3.36696764e-08      
512   | 2.30000840e+07  | 8.79086349e-08      
513   | 2.30086610e+07  | 8.42663410e-08      
514   | 2.30528299e+07  | 1.46792028e-07      
515   | 2.31046893e+07  | 9.47936527e-08      
516   | 2.31400929e+07  | 8.52302669e-08      
517   | 2.31800509e+07  | 8.51395826e-08      
518   | 2.32065993e+07  | 9.03654979e-08      
519   | 2.32433157e+07  | 6.55219230e-08      
526   | 2.37695384e+07  | 1.28951190e-07      
527   | 2.38078391e+07  | 1.11301499e-07      
528   | 2.38189805e+07  | 1.22481290e-07      
529   | 2.39475803e+07  | 2.18298401e-07      
530   | 2.39853815e+07  | 9.27431616e-08      
531   | 2.40688526e+07  | 8.22097191e-08      
532   | 2.41343845e+07  | 1.31532753e-07      
533   | 2.41569363e+07  | 1.09904958e-07      
534   | 2.41670912e+07  | 7.97566700e-08      
535   | 2.42257443e+07  | 1.37898420e-07      
536   | 2.42556829e+07  | 1.57810950e-07      
537   | 2.43335207e+07  | 5.92711717e-08      
538   | 2.43573690e+07  | 7.45847331e-08      
539   | 2.44206091e+07  | 7.40286876e-08      
546   | 2.47378745e+07  | 6.54025009e-08      
547   | 2.48649376e+07  | 1.20685042e-07      
548   | 2.48912102e+07  | 1.49950872e-07      
549   | 2.49427174e+07  | 1.62962772e-07      
550   | 2.49900866e+07  | 2.13787761e-07      
551   | 2.50437467e+07  | 1.52235847e-07      
552   | 2.51170840e+07  | 1.15089028e-07      
553   | 2.51384227e+07  | 2.03316036e-07      
554   | 2.51886712e+07  | 7.73041124e-08      
555   | 2.52154502e+07  | 1.13132309e-07      
556   | 2.52735305e+07  | 9.50575181e-08      
557   | 2.53053631e+07  | 4.61791559e-08      
558   | 2.53139239e+07  | 1.16699814e-07      
559   | 2.54372434e+07  | 8.33493399e-08      
566   | 2.57676386e+07  | 2.77604750e-08      
567   | 2.58266116e+07  | 1.47861592e-07      
568   | 2.58453846e+07  | 4.84301318e-08      
569   | 2.58856236e+07  | 1.06871934e-07      
570   | 2.58903713e+07  | 1.89555859e-07      
571   | 2.59963867e+07  | 2.94436295e-07      
572   | 2.60233934e+07  | 9.64844459e-08      
573   | 2.60854971e+07  | 8.93051091e-08      
574   | 2.61227925e+07  | 1.19752011e-07      
575   | 2.61577423e+07  | 1.10138765e-07      
576   | 2.61829605e+07  | 1.27550837e-07      
577   | 2.62403317e+07  | 1.01754884e-07      
578   | 2.62973392e+07  | 8.88373071e-08      
579   | 2.63164206e+07  | 1.39155459e-07      
586   | 2.67769507e+07  | 6.33796628e-08      
587   | 2.68127933e+07  | 1.22222858e-07      
588   | 2.68344925e+07  | 5.75300693e-08      
589   | 2.68800700e+07  | 3.80812292e-08      
590   | 2.69085691e+07  | 1.14370871e-07      
591   | 2.70287127e+07  | 2.21225082e-08      
592   | 2.71058377e+07  | 6.94573773e-08      
593   | 2.71308963e+07  | 5.73806142e-08      
594   | 2.72218396e+07  | 8.39998460e-08      
595   | 2.72395348e+07  | 8.51100504e-08      
596   | 2.73159353e+07  | 8.48765132e-08      
597   | 2.74462084e+07  | 8.82062584e-08      
598   | 2.74895021e+07  | 6.82370482e-08      
599   | 2.75188753e+07  | 4.91997445e-08      
606   | 2.79254287e+07  | 8.28344123e-08      
607   | 2.79579258e+07  | 6.86431924e-08      
608   | 2.79721084e+07  | 7.11507935e-08      
609   | 2.80012534e+07  | 6.62519043e-08      
610   | 2.80154167e+07  | 1.01920299e-07      
611   | 2.80805870e+07  | 9.60465195e-08      
612   | 2.80911814e+07  | 2.50162697e-07      
613   | 2.81773892e+07  | 1.12004347e-07      
614   | 2.81960177e+07  | 1.04998930e-07      
615   | 2.83122364e+07  | 1.01979626e-07      
616   | 2.83235899e+07  | 9.79154299e-08      
617   | 2.83669978e+07  | 1.06091643e-07      
618   | 2.83800585e+07  | 1.39554476e-07      
619   | 2.84216050e+07  | 6.68112722e-08      
626   | 2.88591136e+07  | 1.10487493e-07      
627   | 2.89497174e+07  | 2.05510543e-07      
628   | 2.89806704e+07  | 1.41130445e-07      
629   | 2.90098279e+07  | 1.34654816e-07      
630   | 2.90360225e+07  | 1.08026335e-07      
631   | 2.90587961e+07  | 9.81814394e-08      
632   | 2.90868172e+07  | 7.00980339e-08      
633   | 2.91408549e+07  | 1.10161540e-07      
634   | 2.92644826e+07  | 1.53550148e-07      
635   | 2.92948022e+07  | 1.45927026e-07      
636   | 2.93593512e+07  | 8.56850909e-08      
637   | 2.93898949e+07  | 1.48431642e-07      
638   | 2.94568073e+07  | 4.07181297e-08      
639   | 2.96209454e+07  | 7.62640159e-08      
646   | 2.99853110e+07  | 1.31082821e-07      
647   | 3.00187781e+07  | 1.25670907e-07      
648   | 3.00391602e+07  | 1.24455277e-07      
649   | 3.00785281e+07  | 1.40650903e-07      
650   | 3.01216707e+07  | 2.37881711e-07      
651   | 3.01700962e+07  | 6.13422463e-08      
652   | 3.02139797e+07  | 2.53199230e-07      
653   | 3.02646909e+07  | 3.18760418e-07      
654   | 3.03407175e+07  | 1.44409128e-07      
655   | 3.03768118e+07  | 1.44501464e-07      
656   | 3.04209763e+07  | 2.56312304e-07      
657   | 3.05029623e+07  | 3.81837186e-07      
658   | 3.05557771e+07  | 1.98615729e-07      
659   | 3.05724941e+07  | 1.86499433e-07      
666   | 3.09341589e+07  | 2.00976578e-07      
667   | 3.09971750e+07  | 1.85652305e-07      
668   | 3.10335718e+07  | 1.27817650e-07      
669   | 3.10714532e+07  | 1.58727179e-07      
670   | 3.11210192e+07  | 8.89925145e-08      
671   | 3.11731616e+07  | 8.96649531e-08      
672   | 3.12878494e+07  | 9.55804366e-08      
673   | 3.13615770e+07  | 1.36449185e-07      
674   | 3.13737988e+07  | 1.28070661e-07      
675   | 3.15054639e+07  | 7.67689824e-08      
676   | 3.15631155e+07  | 1.69526172e-07      
677   | 3.15897467e+07  | 1.95079360e-07      
678   | 3.16260365e+07  | 1.46114370e-07      
679   | 3.16816588e+07  | 1.93839488e-07      
686   | 3.20883788e+07  | 2.56558299e-07      
687   | 3.21442590e+07  | 1.81012384e-07      
688   | 3.22055730e+07  | 4.68563371e-07      
689   | 3.22437331e+07  | 2.72338934e-07      
690   | 3.22919870e+07  | 2.30032086e-07      
691   | 3.23097074e+07  | 2.10691782e-07      
692   | 3.24039452e+07  | 1.75868143e-07      
693   | 3.24326083e+07  | 2.68081160e-07      
694   | 3.25166316e+07  | 1.39998086e-07      
695   | 3.25632987e+07  | 1.75158959e-07      
696   | 3.25859392e+07  | 2.93338653e-07      
697   | 3.26461625e+07  | 1.24830762e-07      
698   | 3.27435951e+07  | 2.10403888e-07      
699   | 3.28273914e+07  | 9.58768624e-08      
706   | 3.32756283e+07  | 2.31875465e-07      
707   | 3.33189634e+07  | 9.31808406e-08      
708   | 3.34110023e+07  | 6.90302255e-08      
709   | 3.34570703e+07  | 1.43908345e-07      
710   | 3.34832900e+07  | 1.25839687e-07      
711   | 3.35145396e+07  | 2.87822869e-07      
712   | 3.35497590e+07  | 7.92923487e-08      
713   | 3.36044972e+07  | 1.28447135e-07      
714   | 3.36221140e+07  | 6.94225201e-08      
715   | 3.36591661e+07  | 2.12783181e-07      
716   | 3.37240762e+07  | 1.38505538e-07      
717   | 3.37862573e+07  | 1.49582778e-07      
718   | 3.38855135e+07  | 1.36566896e-07      
719   | 3.39225266e+07  | 1.03739368e-07      
726   | 3.42550393e+07  | 7.32645714e-08      
727   | 3.43642056e+07  | 1.27534813e-07      
728   | 3.44148261e+07  | 1.19895255e-07      
729   | 3.44699087e+07  | 5.98520849e-08      
730   | 3.45235842e+07  | 1.79595352e-07      
731   | 3.46048529e+07  | 1.21690632e-07      
732   | 3.46381516e+07  | 8.72029013e-08      
733   | 3.47120931e+07  | 6.84794539e-08      
734   | 3.47540753e+07  | 2.57736477e-07      
735   | 3.47791593e+07  | 1.69918222e-07      
736   | 3.48675705e+07  | 1.34083230e-07      
737   | 3.49194141e+07  | 3.84285122e-07      
738   | 3.50126049e+07  | 2.28836901e-07      
739   | 3.51404325e+07  | 1.04615628e-07      
746   | 3.54552739e+07  | 2.51555542e-07      
747   | 3.54843225e+07  | 3.58490968e-07      
748   | 3.55624276e+07  | 7.45192353e-08      
749   | 3.56914661e+07  | 2.75454580e-07      
750   | 3.57846357e+07  | 1.47760616e-07      
751   | 3.57992478e+07  | 1.74661942e-07      
752   | 3.58314431e+07  | 2.87421680e-07      
753   | 3.58662658e+07  | 1.67838664e-07      
754   | 3.59221478e+07  | 2.78812746e-07      
755   | 3.59646660e+07  | 2.61736783e-07      
756   | 3.60343490e+07  | 3.90616990e-07      
757   | 3.60703969e+07  | 1.81293001e-07      
758   | 3.60932393e+07  | 1.71154155e-07      
759   | 3.61404950e+07  | 2.60665624e-07      
766   | 3.64458067e+07  | 1.41225581e-07      
767   | 3.64587310e+07  | 1.26967455e-07      
768   | 3.65336611e+07  | 1.43069388e-07      
769   | 3.65847339e+07  | 1.79545174e-07      
770   | 3.66465274e+07  | 1.16730993e-07      
771   | 3.67105382e+07  | 1.17929309e-07      
772   | 3.69208522e+07  | 1.58474102e-07      
773   | 3.69328750e+07  | 4.67238136e-07      
774   | 3.70089736e+07  | 1.26487071e-07      
775   | 3.70784927e+07  | 3.61963367e-07      
776   | 3.71309967e+07  | 1.41842110e-07      
777   | 3.71748671e+07  | 7.26265870e-08      
778   | 3.72492109e+07  | 2.24870192e-07      
779   | 3.72993019e+07  | 1.50435285e-07      
786   | 3.77154986e+07  | 1.03088380e-07      
787   | 3.78517551e+07  | 1.84926528e-07      
788   | 3.78584541e+07  | 1.36605900e-07      
789   | 3.79362876e+07  | 3.55708215e-07      
790   | 3.79640894e+07  | 3.70416075e-07      
791   | 3.80556031e+07  | 7.42999660e-07      
792   | 3.81544624e+07  | 2.49192770e-07      
793   | 3.82457780e+07  | 4.84937654e-07      
794   | 3.82746439e+07  | 2.47187912e-07      
795   | 3.83174674e+07  | 2.30780542e-07      
796   | 3.83576773e+07  | 4.14759559e-07      
797   | 3.83973725e+07  | 2.53286161e-07      
798   | 3.84476752e+07  | 2.51484152e-07      
799   | 3.85360254e+07  | 4.01225844e-07      
806   | 3.89505766e+07  | 5.40072715e-07      
807   | 3.89787725e+07  | 2.28380021e-07      
808   | 3.90663765e+07  | 1.18742785e-07      
809   | 3.91163073e+07  | 1.46905040e-07      
810   | 3.91803974e+07  | 9.23994869e-08      
811   | 3.92863817e+07  | 1.31998350e-07      
812   | 3.93051392e+07  | 1.46235760e-07      
813   | 3.93534158e+07  | 1.83430805e-07      
814   | 3.95434772e+07  | 2.03135015e-07      
815   | 3.96456046e+07  | 1.09557194e-07      
816   | 3.97278338e+07  | 1.57043572e-07      
817   | 3.97842229e+07  | 2.52857246e-07      
818   | 3.98165815e+07  | 3.24063937e-07      
819   | 3.98951800e+07  | 2.00480315e-07      
826   | 4.02758985e+07  | 1.11110314e-07      
827   | 4.03263651e+07  | 8.83844958e-08      
828   | 4.04133970e+07  | 1.04345825e-07      
829   | 4.04421795e+07  | 1.25841035e-07      
830   | 4.05082548e+07  | 1.09007910e-07      
831   | 4.05920065e+07  | 1.91608807e-07      
832   | 4.06687008e+07  | 8.25847437e-08      
833   | 4.07310446e+07  | 1.82048756e-07      
834   | 4.08279373e+07  | 8.24478391e-08      
835   | 4.08574018e+07  | 1.21624661e-07      
836   | 4.09080624e+07  | 1.35002382e-07      
837   | 4.09394037e+07  | 2.48018012e-07      
838   | 4.11018241e+07  | 1.52004801e-07      
839   | 4.11682925e+07  | 2.51332832e-07      
846   | 4.15101907e+07  | 2.14369181e-07      
847   | 4.15939084e+07  | 1.24439808e-07      
848   | 4.17395012e+07  | 1.95156292e-07      
849   | 4.17793851e+07  | 1.84644918e-07      
850   | 4.18810366e+07  | 1.82214529e-07      
851   | 4.19147897e+07  | 1.05301166e-07      
852   | 4.19455310e+07  | 2.37187065e-07      
853   | 4.19593881e+07  | 2.58645689e-07      
854   | 4.20546086e+07  | 1.54126763e-07      
855   | 4.21358874e+07  | 3.55816589e-07      
856   | 4.21844874e+07  | 3.16359881e-07      
857   | 4.22054920e+07  | 3.61014213e-07      
858   | 4.22528428e+07  | 3.60213991e-07      
859   | 4.22971153e+07  | 2.77180381e-07      
866   | 4.26670634e+07  | 1.98185738e-07      
867   | 4.27342025e+07  | 2.81343236e-07      
868   | 4.28333709e+07  | 3.57733810e-07      
869   | 4.28523033e+07  | 3.12814487e-07      
870   | 4.29212996e+07  | 5.36748669e-07      
871   | 4.29470493e+07  | 1.64944673e-07      
872   | 4.29604389e+07  | 3.09655349e-07      
873   | 4.30154786e+07  | 2.85528939e-07      
874   | 4.31246178e+07  | 3.17844720e-07      
875   | 4.31420524e+07  | 3.24914643e-07      
876   | 4.31797895e+07  | 2.96874755e-07      
877   | 4.32203931e+07  | 1.22708987e-07      
878   | 4.32624672e+07  | 3.51282792e-07      
879   | 4.32826810e+07  | 2.28576629e-07      
886   | 4.35368220e+07  | 4.10472471e-07      
887   | 4.36562946e+07  | 2.18618666e-07      
888   | 4.37098748e+07  | 1.20978497e-07      
889   | 4.37552423e+07  | 5.68326088e-07      
890   | 4.37788781e+07  | 4.08007121e-07      
891   | 4.38045203e+07  | 3.36768954e-07      
892   | 4.39128816e+07  | 1.35918268e-07      
893   | 4.39196514e+07  | 2.91642174e-07      
894   | 4.39764021e+07  | 3.73492518e-07      
895   | 4.40021342e+07  | 2.38216823e-07      
896   | 4.40361337e+07  | 3.73260504e-07      
897   | 4.40618795e+07  | 2.12857064e-07      
898   | 4.41123412e+07  | 2.60582579e-07      
899   | 4.41386064e+07  | 1.76443856e-07      
906   | 4.44781864e+07  | 1.70232902e-07      
907   | 4.45674354e+07  | 1.46210534e-07      
908   | 4.45788958e+07  | 1.75318635e-07      
909   | 4.46344151e+07  | 1.76097508e-07      
910   | 4.47006157e+07  | 1.65785858e-07      
911   | 4.47720664e+07  | 2.97252843e-07      
912   | 4.47968329e+07  | 1.18332370e-07      
913   | 4.48331299e+07  | 1.60157931e-07      
914   | 4.48677222e+07  | 2.57512601e-07      
915   | 4.49262312e+07  | 5.18321604e-07      
916   | 4.50025658e+07  | 1.77652029e-07      
917   | 4.50385756e+07  | 1.58084909e-07      
918   | 4.50606973e+07  | 1.68507053e-07      
919   | 4.51062728e+07  | 1.42830279e-07      
926   | 4.55299641e+07  | 1.06360902e-07      
927   | 4.55534339e+07  | 1.25806733e-07      
928   | 4.56080821e+07  | 2.02542624e-07      
929   | 4.56687390e+07  | 2.31109590e-07      
930   | 4.57042462e+07  | 2.41262100e-07      
931   | 4.57901299e+07  | 2.80458940e-07      
932   | 4.58222128e+07  | 4.06200551e-07      
933   | 4.58611831e+07  | 2.95468134e-07      
934   | 4.59218548e+07  | 2.64012542e-07      
935   | 4.59746898e+07  | 3.80189110e-07      
936   | 4.60170037e+07  | 2.03065870e-07      
937   | 4.60258531e+07  | 1.39359893e-07      
938   | 4.61024488e+07  | 3.29786353e-07      
939   | 4.61554593e+07  | 2.33223244e-07      
946   | 4.64607290e+07  | 2.74144539e-07      
947   | 4.64851771e+07  | 1.70351939e-07      
948   | 4.65366924e+07  | 1.14111674e-07      
949   | 4.65848355e+07  | 4.73351997e-07      
950   | 4.65969056e+07  | 1.41351692e-07      
951   | 4.66190694e+07  | 2.96122316e-07      
952   | 4.66564260e+07  | 2.51467086e-07      
953   | 4.67232548e+07  | 4.14643363e-07      
954   | 4.67549470e+07  | 2.79579488e-07      
955   | 4.68002031e+07  | 4.06312121e-07      
956   | 4.68952840e+07  | 3.72989467e-07      
957   | 4.69610112e+07  | 1.91865066e-07      
958   | 4.70082681e+07  | 1.91045399e-07      
959   | 4.70772062e+07  | 2.02029346e-07      
966   | 4.74064294e+07  | 1.30881400e-07      
967   | 4.74583653e+07  | 1.84032513e-07      
968   | 4.75080528e+07  | 1.37995915e-07      
969   | 4.75466122e+07  | 7.05434348e-07      
970   | 4.76048318e+07  | 9.02459328e-07      
971   | 4.76185384e+07  | 4.38323223e-07      
972   | 4.76904178e+07  | 4.49819892e-07      
973   | 4.77294353e+07  | 3.13226048e-07      
974   | 4.77761772e+07  | 1.37334844e-07      
975   | 4.77926021e+07  | 6.19323528e-07      
976   | 4.78577871e+07  | 2.73192445e-07      
977   | 4.79443392e+07  | 1.58054483e-07      
978   | 4.79840934e+07  | 2.04862653e-07      
979   | 4.81355061e+07  | 1.12829781e-07      
986   | 4.85303007e+07  | 2.22184430e-07      
987   | 4.85548100e+07  | 2.22531923e-07      
988   | 4.86336019e+07  | 2.12412309e-07      
989   | 4.86877862e+07  | 1.45095122e-07      
990   | 4.87041040e+07  | 3.29456315e-07      
991   | 4.87586889e+07  | 3.52334105e-07      
992   | 4.88589049e+07  | 2.01135460e-07      
993   | 4.89358415e+07  | 2.62030075e-07      
994   | 4.90034244e+07  | 4.64665276e-07      
995   | 4.90916902e+07  | 2.65578841e-07      
996   | 4.91431158e+07  | 2.33123972e-07      
997   | 4.92036605e+07  | 3.77468781e-07      
998   | 4.92199562e+07  | 2.78033616e-07      
999   | 4.92700696e+07  | 2.58387265e-07      
1006  | 4.96861297e+07  | 2.21189558e-07      
1007  | 4.97103498e+07  | 1.98823195e-07      
1008  | 4.97596765e+07  | 3.72584811e-07      
1009  | 4.98625860e+07  | 2.78851897e-07      
1010  | 4.98918700e+07  | 1.98286877e-07      
1011  | 4.99599256e+07  | 3.12815031e-07      
1012  | 5.00138588e+07  | 2.62025660e-07      
1013  | 5.00691113e+07  | 2.18583000e-07      
1014  | 5.01699820e+07  | 2.13172017e-07      
1015  | 5.02190869e+07  | 2.63052108e-07      
1016  | 5.02655077e+07  | 3.01006020e-07      
1017  | 5.03316698e+07  | 4.44511719e-07      
1018  | 5.04358847e+07  | 5.13980686e-07      
1019  | 5.04937994e+07  | 2.42413821e-07      
1026  | 5.08577652e+07  | 2.05269451e-07      
1027  | 5.08905098e+07  | 3.45309485e-07      
1028  | 5.10005806e+07  | 5.75202854e-07      
1029  | 5.10901486e+07  | 3.12030735e-07      
1030  | 5.11793104e+07  | 2.90496418e-07      
1031  | 5.12027733e+07  | 4.06789050e-07      
1032  | 5.12777247e+07  | 4.28375116e-07      
1033  | 5.13223034e+07  | 7.55697343e-07      
1034  | 5.13370760e+07  | 1.04091233e-06      
1035  | 5.14656432e+07  | 3.94667079e-07      
1036  | 5.14808356e+07  | 5.08424680e-07      
1037  | 5.15118575e+07  | 4.10634527e-07      
1038  | 5.15304179e+07  | 3.05281395e-07      
1039  | 5.15723044e+07  | 5.73606171e-07      
1046  | 5.18985711e+07  | 3.39880368e-07      
1047  | 5.20243840e+07  | 3.30778997e-07      
1048  | 5.20874558e+07  | 1.00371184e-06      
1049  | 5.21275093e+07  | 1.13845160e-06      
1050  | 5.22254543e+07  | 4.13709213e-07      
1051  | 5.22487430e+07  | 9.93329924e-07      
1052  | 5.22949423e+07  | 8.84345997e-07      
1053  | 5.23491787e+07  | 7.04157067e-07      
1054  | 5.23777915e+07  | 9.40397486e-07      
1055  | 5.24713293e+07  | 7.98333791e-07      
1056  | 5.24866649e+07  | 2.35658004e-07      
1057  | 5.25659975e+07  | 3.27027019e-07      
1058  | 5.26419912e+07  | 3.89558132e-07      
1059  | 5.27130555e+07  | 2.41868095e-07      
1066  | 5.29898541e+07  | 4.12205530e-07      
1067  | 5.30164265e+07  | 3.25970126e-07      
1068  | 5.31488493e+07  | 4.28481023e-07      
1069  | 5.31922007e+07  | 5.71424817e-07      
1070  | 5.32530650e+07  | 2.49638637e-07      
1071  | 5.33196010e+07  | 2.21080094e-07      
1072  | 5.34625085e+07  | 5.95967264e-07      
1073  | 5.35588391e+07  | 3.43014247e-07      
1074  | 5.36485744e+07  | 3.25801687e-07      
1075  | 5.36687497e+07  | 2.98052804e-07      
1076  | 5.36937644e+07  | 3.33714069e-07      
1077  | 5.37783027e+07  | 6.79418617e-07      
1078  | 5.38193663e+07  | 3.65451907e-07      
1079  | 5.38784795e+07  | 2.88464891e-07      
1086  | 5.43218167e+07  | 3.64266050e-07      
1087  | 5.43813096e+07  | 2.59063476e-07      
1088  | 5.44593773e+07  | 3.14527143e-07      
1089  | 5.45449875e+07  | 3.70118872e-07      
1090  | 5.46460449e+07  | 2.74844294e-07      
1091  | 5.47093654e+07  | 4.56821348e-07      
1092  | 5.48435599e+07  | 4.64128874e-07      
1093  | 5.48810784e+07  | 3.86317131e-07      
1094  | 5.49367663e+07  | 4.57789867e-07      
1095  | 5.49753682e+07  | 6.52664382e-07      
1096  | 5.50484766e+07  | 3.23649589e-07      
1097  | 5.51475924e+07  | 4.95635886e-07      
1098  | 5.52017775e+07  | 7.07957875e-07      
1099  | 5.53245497e+07  | 3.68831283e-07      
1106  | 5.56781256e+07  | 6.12829497e-07      
1107  | 5.58117049e+07  | 4.76192683e-07      
1108  | 5.58411517e+07  | 4.55631305e-07      
1109  | 5.59114713e+07  | 4.60516544e-07      
1110  | 5.60673031e+07  | 5.60148891e-07      
1111  | 5.60901167e+07  | 6.76328149e-07      
1112  | 5.61327683e+07  | 5.40158995e-07      
1113  | 5.61806080e+07  | 8.54640474e-07      
1114  | 5.62518337e+07  | 9.27128391e-07      
1115  | 5.63297507e+07  | 3.68068904e-07      
1116  | 5.63921330e+07  | 4.73420177e-07      
1117  | 5.64658519e+07  | 3.75071104e-07      
1118  | 5.65154411e+07  | 5.77432958e-07      
1119  | 5.65728616e+07  | 4.69086841e-07      
1126  | 5.70814583e+07  | 6.24119064e-07      
1127  | 5.71809307e+07  | 4.47134179e-07      
1128  | 5.72434802e+07  | 4.97970765e-07      
1129  | 5.73557052e+07  | 3.49959843e-07      
1130  | 5.74494348e+07  | 5.70860233e-07      
1131  | 5.75536994e+07  | 5.44635737e-07      
1132  | 5.75706665e+07  | 4.51086831e-07      
1133  | 5.77146367e+07  | 4.37042026e-07      
1134  | 5.77704527e+07  | 7.39358872e-07      
1135  | 5.78319254e+07  | 6.75553729e-07      
1136  | 5.79358065e+07  | 3.71269790e-07      
1137  | 5.80641632e+07  | 4.57427131e-07      
1138  | 5.81231469e+07  | 3.49523075e-07      
1139  | 5.82051003e+07  | 4.00112349e-07      
1146  | 5.87209840e+07  | 4.57124563e-07      
1147  | 5.88228875e+07  | 3.78378261e-07      
1148  | 5.89178665e+07  | 4.61378147e-07      
1149  | 5.90585860e+07  | 4.03858246e-07      
1150  | 5.90814403e+07  | 4.45051281e-07      
1151  | 5.91697798e+07  | 3.92440695e-07      
1152  | 5.92257303e+07  | 4.57189430e-07      
1153  | 5.93218746e+07  | 4.38437408e-07      
1154  | 5.94091913e+07  | 3.95349745e-07      
1155  | 5.94600501e+07  | 3.80155594e-07      
1156  | 5.95470217e+07  | 4.52421388e-07      
1157  | 5.96078635e+07  | 3.71024524e-07      
1158  | 5.96950932e+07  | 3.82867066e-07      
1159  | 5.97464021e+07  | 4.22328346e-07      
1166  | 6.03766102e+07  | 4.08412722e-07      
1167  | 6.04574850e+07  | 3.74264422e-07      
1168  | 6.05250054e+07  | 4.84542185e-07      
1169  | 6.06283830e+07  | 4.78095904e-07      
1170  | 6.06572937e+07  | 5.71056934e-07      
1171  | 6.06949609e+07  | 4.67860538e-07      
1172  | 6.07522975e+07  | 5.82664325e-07      
1173  | 6.08954563e+07  | 4.59684690e-07      
1174  | 6.09149732e+07  | 4.09056706e-07      
1175  | 6.10766041e+07  | 4.80980632e-07      
1176  | 6.11081578e+07  | 5.40344394e-07      
1177  | 6.11533143e+07  | 4.80958384e-07      
1178  | 6.12965183e+07  | 4.92914775e-07      
1179  | 6.13812823e+07  | 5.01604560e-07      
1186  | 6.20110139e+07  | 6.80948568e-07      
1187  | 6.21027775e+07  | 4.81427571e-07      
1188  | 6.22138067e+07  | 5.15056852e-07      
1189  | 6.23271299e+07  | 5.23673914e-07      
1190  | 6.25875741e+07  | 4.79369690e-07      
1191  | 6.26106176e+07  | 4.76049324e-07      
1192  | 6.26211516e+07  | 5.01095652e-07      
1193  | 6.27256290e+07  | 4.35609749e-07      
1194  | 6.28081844e+07  | 5.12664212e-07      
1195  | 6.29165501e+07  | 5.29231235e-07      
1196  | 6.30007617e+07  | 4.83321257e-07      
1197  | 6.30330913e+07  | 4.32201461e-07      
1198  | 6.31725534e+07  | 6.19457076e-07      
1199  | 6.31903285e+07  | 5.23017137e-07      
1206  | 6.38064129e+07  | 5.10315493e-07      
1207  | 6.38955040e+07  | 6.56719929e-07      
1208  | 6.40046675e+07  | 5.27552414e-07      
1209  | 6.41392820e+07  | 4.92080663e-07      
1210  | 6.42440735e+07  | 6.39916617e-07      
1211  | 6.43065089e+07  | 5.36439988e-07      
1212  | 6.44116730e+07  | 5.33108280e-07      
1213  | 6.44793481e+07  | 6.41558321e-07      
1214  | 6.46120519e+07  | 5.61407363e-07      
1215  | 6.46935445e+07  | 8.93895101e-07      
1216  | 6.47504655e+07  | 5.66261353e-07      
1217  | 6.48296790e+07  | 8.00301787e-07      
1218  | 6.49244458e+07  | 5.84929784e-07      
1219  | 6.50315023e+07  | 6.37689807e-07      
1226  | 6.57997516e+07  | 5.84583658e-07      
1227  | 6.59244230e+07  | 6.67165807e-07      
1228  | 6.59569097e+07  | 6.18399205e-07      
1229  | 6.60298038e+07  | 5.67162940e-07      
1230  | 6.61048699e+07  | 1.02057068e-06      
1231  | 6.63159345e+07  | 6.90993454e-07      
1232  | 6.63898819e+07  | 5.38410562e-07      
1233  | 6.64137248e+07  | 5.46982178e-07      
1234  | 6.65334338e+07  | 5.62491123e-07      
1235  | 6.66289352e+07  | 5.63156610e-07      
1236  | 6.67922660e+07  | 6.17910320e-07      
1237  | 6.68601813e+07  | 1.08155928e-06      
1238  | 6.69498509e+07  | 1.48368960e-06      
1239  | 6.70813411e+07  | 5.76190770e-07      
1246  | 6.77660676e+07  | 9.46293446e-07      
1247  | 6.77953218e+07  | 7.09344257e-07      
1248  | 6.78961192e+07  | 7.46317648e-07      
1249  | 6.79334391e+07  | 9.18596383e-07      
1250  | 6.80590096e+07  | 7.10415767e-07      
1251  | 6.82460827e+07  | 6.77415847e-07      
1252  | 6.83473873e+07  | 9.15531359e-07      
1253  | 6.84533370e+07  | 6.63202797e-07      
1254  | 6.84612671e+07  | 8.40808268e-07      
1255  | 6.85729349e+07  | 7.59436254e-07      
1256  | 6.86405053e+07  | 9.18091537e-07      
1257  | 6.88255127e+07  | 7.36877317e-07      
1258  | 6.88587251e+07  | 6.49736955e-07      
1259  | 6.89291938e+07  | 5.39369713e-07      
1266  | 6.99112536e+07  | 7.72256895e-07      
1267  | 6.99825342e+07  | 9.12561534e-07      
1268  | 7.00951987e+07  | 8.87667153e-07      
1269  | 7.02019734e+07  | 8.06811122e-07      
1270  | 7.03274486e+07  | 1.02034397e-06      
1271  | 7.04059080e+07  | 8.54047065e-07      
1272  | 7.05110540e+07  | 9.41574632e-07      
1273  | 7.05988682e+07  | 7.16393354e-07      
1274  | 7.07176966e+07  | 8.03880232e-07      
1275  | 7.07972023e+07  | 6.81146492e-07      
1276  | 7.08197831e+07  | 6.43419306e-07      
1277  | 7.08711563e+07  | 6.08489335e-07      
1278  | 7.09239760e+07  | 6.32426214e-07      
1279  | 7.09373816e+07  | 7.78374555e-07      
1286  | 7.16688279e+07  | 9.28816615e-07      
1287  | 7.17794614e+07  | 7.43901752e-07      
1288  | 7.19071912e+07  | 8.76538076e-07      
1289  | 7.19281924e+07  | 7.06334928e-07      
1290  | 7.20005526e+07  | 7.45966285e-07      
1291  | 7.21178488e+07  | 7.32178716e-07      
1292  | 7.21726183e+07  | 8.14261297e-07      
1293  | 7.22564473e+07  | 1.23159426e-06      
1294  | 7.24490350e+07  | 5.76657303e-07      
1295  | 7.24499957e+07  | 8.11248000e-07      
1296  | 7.25854232e+07  | 9.13002799e-07      
1297  | 7.26479773e+07  | 7.24654508e-07      
1298  | 7.27216891e+07  | 7.09281935e-07      
1299  | 7.28271279e+07  | 8.57261175e-07      
1306  | 7.35608116e+07  | 8.43462256e-07      
1307  | 7.36525681e+07  | 9.91193732e-07      
1308  | 7.37072403e+07  | 8.16091933e-07      
1309  | 7.38920042e+07  | 7.69712040e-07      
1310  | 7.39337034e+07  | 6.68397990e-07      
1311  | 7.41245757e+07  | 9.74519670e-07      
1312  | 7.41865893e+07  | 7.08891146e-07      
1313  | 7.42825107e+07  | 6.78797069e-07      
1314  | 7.43669637e+07  | 8.64123919e-07      
1315  | 7.44763110e+07  | 9.65771528e-07      
1316  | 7.46161482e+07  | 8.76696100e-07      
1317  | 7.46633125e+07  | 6.25937411e-07      
1318  | 7.47326162e+07  | 8.95968932e-07      
1319  | 7.47763456e+07  | 7.87897970e-07      
1326  | 7.55065062e+07  | 7.74299132e-07      
1327  | 7.56115063e+07  | 7.09251281e-07      
1328  | 7.56351714e+07  | 7.65200504e-07      
1329  | 7.58589134e+07  | 8.95758971e-07      
1330  | 7.59472771e+07  | 8.37395822e-07      
1331  | 7.60010518e+07  | 7.91731471e-07      
1332  | 7.61386384e+07  | 7.80781088e-07      
1333  | 7.62081475e+07  | 1.12273909e-06      
1334  | 7.62250986e+07  | 1.00033806e-06      
1335  | 7.63131171e+07  | 9.45423473e-07      
1336  | 7.64848789e+07  | 6.08486828e-07      
1337  | 7.65737657e+07  | 8.14210635e-07      
1338  | 7.67587214e+07  | 7.99639238e-07      
1339  | 7.67783169e+07  | 7.17462847e-07      
1346  | 7.74408136e+07  | 7.70917409e-07      
1347  | 7.74646355e+07  | 8.50059881e-07      
1348  | 7.76205871e+07  | 8.53539618e-07      
1349  | 7.76593460e+07  | 8.59537387e-07      
1350  | 7.76955818e+07  | 6.26745682e-07      
1351  | 7.79845237e+07  | 7.02742605e-07      
1352  | 7.80281193e+07  | 8.58590015e-07      
1353  | 7.81031259e+07  | 6.44372520e-07      
1354  | 7.82066193e+07  | 9.04536554e-07      
1355  | 7.83810116e+07  | 6.25458187e-07      
1356  | 7.84361664e+07  | 7.51798562e-07      
1357  | 7.85333429e+07  | 7.45188882e-07      
1358  | 7.86239925e+07  | 6.68599771e-07      
1359  | 7.87812337e+07  | 7.09844179e-07      
1366  | 7.95185186e+07  | 7.15521577e-07      
1367  | 7.96030669e+07  | 6.85557934e-07      
1368  | 7.97190380e+07  | 7.85837006e-07      
1369  | 7.98525895e+07  | 7.68533554e-07      
1370  | 7.98762825e+07  | 7.57162651e-07      
1371  | 8.00350340e+07  | 6.44842970e-07      
1372  | 8.01253256e+07  | 7.78754466e-07      
1373  | 8.01599460e+07  | 5.37173098e-07      
1374  | 8.03950616e+07  | 7.06086073e-07      
1375  | 8.04048156e+07  | 6.15528674e-07      
1376  | 8.05054367e+07  | 6.65357443e-07      
1377  | 8.05332950e+07  | 6.07704241e-07      
1378  | 8.06185628e+07  | 6.71396233e-07      
1379  | 8.06804007e+07  | 7.37107716e-07      
1386  | 8.15980922e+07  | 8.01308973e-07      
1387  | 8.16183679e+07  | 5.64631525e-07      
1388  | 8.17463599e+07  | 8.67327635e-07      
1389  | 8.19612757e+07  | 6.24068929e-07      
1390  | 8.20643496e+07  | 6.30602355e-07      
1391  | 8.22173510e+07  | 6.93220563e-07      
1392  | 8.23168622e+07  | 7.40804958e-07      
1393  | 8.25270978e+07  | 8.46444302e-07      
1394  | 8.25844701e+07  | 8.22300603e-07      
1395  | 8.27141747e+07  | 6.94912725e-07      
1396  | 8.28695543e+07  | 5.90111715e-07      
1397  | 8.29237595e+07  | 7.06825975e-07      
1398  | 8.30055922e+07  | 8.88781409e-07      
1399  | 8.31725736e+07  | 8.62825408e-07      
1406  | 8.39686572e+07  | 7.04480433e-07      
1407  | 8.40891130e+07  | 7.66453196e-07      
1408  | 8.41776894e+07  | 7.68213578e-07      
1409  | 8.43809575e+07  | 8.04795988e-07      
1410  | 8.43924979e+07  | 8.26503160e-07      
1411  | 8.44638503e+07  | 8.18276240e-07      
1412  | 8.45219711e+07  | 6.70743690e-07      
1413  | 8.47352015e+07  | 7.95653193e-07      
1414  | 8.48515526e+07  | 6.83039094e-07      
1415  | 8.49190786e+07  | 8.91540559e-07      
1416  | 8.51203500e+07  | 6.28515356e-07      
1417  | 8.51910493e+07  | 7.22579830e-07      
1418  | 8.53995919e+07  | 6.87604754e-07      
1419  | 8.54324563e+07  | 8.07075293e-07      
1426  | 8.60659208e+07  | 1.09065094e-06      
1427  | 8.62856188e+07  | 8.45497639e-07      
1428  | 8.63708531e+07  | 6.50960457e-07      
1429  | 8.64731138e+07  | 7.62163324e-07      
1430  | 8.64792536e+07  | 9.02770839e-07      
1431  | 8.66207681e+07  | 9.28286647e-07      
1432  | 8.67697560e+07  | 6.71139636e-07      
1433  | 8.68840368e+07  | 1.03163692e-06      
1434  | 8.69202628e+07  | 1.15061970e-06      
1435  | 8.71487576e+07  | 1.13156084e-06      
1436  | 8.72875728e+07  | 1.52241637e-06      
1437  | 8.73383029e+07  | 7.77058106e-07      
1438  | 8.74042076e+07  | 1.45081090e-06      
1439  | 8.75523392e+07  | 1.07988640e-06      
1446  | 8.83271196e+07  | 7.67308674e-07      
1447  | 8.84776397e+07  | 6.64044425e-07      
1448  | 8.85579546e+07  | 7.77199772e-07      
1449  | 8.86384081e+07  | 7.56617694e-07      
1450  | 8.87816753e+07  | 8.48741814e-07      
1451  | 8.88658744e+07  | 7.96808943e-07      
1452  | 8.90300373e+07  | 7.66086710e-07      
1453  | 8.92882484e+07  | 9.09157889e-07      
1454  | 8.93198723e+07  | 7.44674594e-07      
1455  | 8.94946807e+07  | 7.21910283e-07      
1456  | 8.96627257e+07  | 7.94032556e-07      
1457  | 8.97141526e+07  | 8.40725203e-07      
1458  | 8.98619034e+07  | 6.82160635e-07      
1459  | 9.00091117e+07  | 1.05054400e-06      
1466  | 9.07997264e+07  | 1.29429540e-06      
1467  | 9.08598066e+07  | 8.03672738e-07      
1468  | 9.09831870e+07  | 9.33076423e-07      
1469  | 9.10704066e+07  | 7.66278732e-07      
1470  | 9.11306767e+07  | 1.03574300e-06      
1471  | 9.12447130e+07  | 1.10915410e-06      
1472  | 9.12822144e+07  | 9.79315742e-07      
1473  | 9.14657353e+07  | 9.46712773e-07      
1474  | 9.15856909e+07  | 1.15251146e-06      
1475  | 9.16378453e+07  | 8.44588541e-07      
1476  | 9.17755678e+07  | 1.04633806e-06      
1477  | 9.18721003e+07  | 1.19294736e-06      
1478  | 9.20910358e+07  | 1.20966858e-06      
1479  | 9.21865527e+07  | 8.47357640e-07      
1486  | 9.30532058e+07  | 8.85118622e-07      
1487  | 9.31801651e+07  | 1.09107976e-06      
1488  | 9.32973415e+07  | 7.54995800e-07      
1489  | 9.33698305e+07  | 7.51499916e-07      
1490  | 9.35407987e+07  | 8.45841008e-07      
1491  | 9.36457424e+07  | 7.77088534e-07      
1492  | 9.37405402e+07  | 9.24788919e-07      
1493  | 9.38512638e+07  | 9.32811725e-07      
1494  | 9.39446784e+07  | 8.90116316e-07      
1495  | 9.41203488e+07  | 8.63471808e-07      
1496  | 9.42728629e+07  | 7.08316377e-07      
1497  | 9.44478523e+07  | 9.63466116e-07      
1498  | 9.45650675e+07  | 7.84703940e-07      
1499  | 9.48725090e+07  | 8.12426048e-07      
1506  | 9.57401947e+07  | 9.81967744e-07      
1507  | 9.60215457e+07  | 9.66379793e-07      
1508  | 9.61645765e+07  | 7.35211234e-07      
1509  | 9.62380775e+07  | 8.33794711e-07      
1510  | 9.65008920e+07  | 7.58331351e-07      
1511  | 9.65614290e+07  | 9.05326795e-07      
1512  | 9.67976922e+07  | 9.99179749e-07      
1513  | 9.69851183e+07  | 8.43956177e-07      
1514  | 9.71327951e+07  | 1.11534723e-06      
1515  | 9.72459394e+07  | 9.55088736e-07      
1516  | 9.73994788e+07  | 1.15672743e-06      
1517  | 9.74653424e+07  | 1.03855120e-06      
1518  | 9.75626172e+07  | 9.16524229e-07      
1519  | 9.77145784e+07  | 1.11148546e-06      
1526  | 9.87565115e+07  | 6.67980860e-07      
1527  | 9.88921844e+07  | 7.28782741e-07      
1528  | 9.90117294e+07  | 1.01253384e-06      
1529  | 9.91408112e+07  | 7.82816190e-07      
1530  | 9.92678327e+07  | 7.68278370e-07      
1531  | 9.95024655e+07  | 1.01813079e-06      
1532  | 9.96344062e+07  | 7.07914547e-07      
1533  | 9.98316649e+07  | 6.81061843e-07      
1534  | 1.00071254e+08  | 9.58008886e-07      
1535  | 1.00120268e+08  | 8.12716258e-07      
1536  | 1.00228939e+08  | 7.57767399e-07      
1537  | 1.00403160e+08  | 9.09984192e-07      
1538  | 1.00586397e+08  | 7.86168877e-07      
1539  | 1.00688717e+08  | 7.72617171e-07      
1546  | 1.01955126e+08  | 8.17615047e-07      
1547  | 1.02128712e+08  | 8.32794852e-07      
1548  | 1.02301365e+08  | 8.74167705e-07      
1549  | 1.02526580e+08  | 8.81320707e-07      
1550  | 1.02671408e+08  | 8.15176750e-07      
1551  | 1.02854629e+08  | 7.62018258e-07      
1552  | 1.02953524e+08  | 7.01997043e-07      
1553  | 1.03009068e+08  | 7.54558176e-07      
1554  | 1.03475841e+08  | 7.85360953e-07      
1555  | 1.03585530e+08  | 9.60090329e-07      
1556  | 1.03655611e+08  | 7.84703619e-07      
1557  | 1.03876324e+08  | 7.96742335e-07      
1558  | 1.03950126e+08  | 1.07399375e-06      
1559  | 1.04059245e+08  | 7.40319863e-07      
1566  | 1.05281623e+08  | 1.20217932e-06      
1567  | 1.05294210e+08  | 7.89106970e-07      
1568  | 1.05429674e+08  | 9.50068295e-07      
1569  | 1.05553592e+08  | 8.84358136e-07      
1570  | 1.05655616e+08  | 9.36626177e-07      
1571  | 1.05830821e+08  | 8.61146498e-07      
1572  | 1.06026767e+08  | 9.94490224e-07      
1573  | 1.06300624e+08  | 1.03373827e-06      
1574  | 1.06487297e+08  | 1.06245738e-06      
1575  | 1.06663627e+08  | 9.22356802e-07      
1576  | 1.06834904e+08  | 9.79309085e-07      
1577  | 1.06940134e+08  | 8.51101450e-07      
1578  | 1.07110867e+08  | 8.79622219e-07      
1579  | 1.07208686e+08  | 9.09731709e-07      
1586  | 1.08329314e+08  | 1.18743746e-06      
1587  | 1.08607749e+08  | 9.80479021e-07      
1588  | 1.08640010e+08  | 9.81968460e-07      
1589  | 1.08770125e+08  | 8.88512241e-07      
1590  | 1.09118438e+08  | 7.91721164e-07      
1591  | 1.09457452e+08  | 9.87718116e-07      
1592  | 1.09515970e+08  | 9.83878472e-07      
1593  | 1.09675217e+08  | 8.70343254e-07      
1594  | 1.09711589e+08  | 1.61870691e-06      
1595  | 1.09837094e+08  | 1.47422815e-06      
1596  | 1.09901615e+08  | 9.43005737e-07      
1597  | 1.10241695e+08  | 8.63949478e-07      
1598  | 1.10329931e+08  | 8.26768168e-07      
1599  | 1.10690232e+08  | 1.01815542e-06      
1606  | 1.11987271e+08  | 1.52708017e-06      
1607  | 1.12120418e+08  | 9.11530983e-07      
1608  | 1.12190141e+08  | 1.30006106e-06      
1609  | 1.12435995e+08  | 9.01746115e-07      
1610  | 1.12614499e+08  | 9.60712232e-07      
1611  | 1.12893832e+08  | 1.12591872e-06      
1612  | 1.13097357e+08  | 1.04406153e-06      
1613  | 1.13240443e+08  | 1.02540244e-06      
1614  | 1.13468500e+08  | 1.44037518e-06      
1615  | 1.13556505e+08  | 1.25559757e-06      
1616  | 1.13704899e+08  | 1.05040498e-06      
1617  | 1.13752259e+08  | 1.05678762e-06      
1618  | 1.14022449e+08  | 1.06846715e-06      
1619  | 1.14096119e+08  | 1.13101330e-06      
1626  | 1.15116225e+08  | 1.17325171e-06      
1627  | 1.15402610e+08  | 1.11674170e-06      
1628  | 1.15517712e+08  | 9.89636766e-07      
1629  | 1.15726248e+08  | 1.11098719e-06      
1630  | 1.15945808e+08  | 1.05688915e-06      
1631  | 1.16127132e+08  | 1.04250007e-06      
1632  | 1.16228801e+08  | 1.04727512e-06      
1633  | 1.16326132e+08  | 1.07645748e-06      
1634  | 1.16526675e+08  | 1.22990522e-06      
1635  | 1.16670646e+08  | 9.19570992e-07      
1636  | 1.16884262e+08  | 1.17919149e-06      
1637  | 1.17170169e+08  | 1.18698390e-06      
1638  | 1.17304406e+08  | 8.91035776e-07      
1639  | 1.17485714e+08  | 9.89415165e-07      
1646  | 1.18758194e+08  | 1.18346314e-06      
1647  | 1.18838579e+08  | 1.31685559e-06      
1648  | 1.18973993e+08  | 1.39063243e-06      
1649  | 1.19131851e+08  | 1.02164238e-06      
1650  | 1.19364349e+08  | 1.15907114e-06      
1651  | 1.19520732e+08  | 1.11818500e-06      
1652  | 1.19659092e+08  | 1.24102317e-06      
1653  | 1.19868622e+08  | 1.33089881e-06      
1654  | 1.20077523e+08  | 1.16727843e-06      
1655  | 1.20387833e+08  | 1.08581178e-06      
1656  | 1.20503406e+08  | 1.14045350e-06      
1657  | 1.20604985e+08  | 1.24161524e-06      
1658  | 1.20969883e+08  | 1.18535931e-06      
1659  | 1.21065096e+08  | 1.55750142e-06      
1666  | 1.22062256e+08  | 1.18714032e-06      
1667  | 1.22207517e+08  | 1.24631930e-06      
1668  | 1.22471391e+08  | 1.07402528e-06      
1669  | 1.22606503e+08  | 1.15904330e-06      
1670  | 1.22819984e+08  | 1.01577091e-06      
1671  | 1.23031379e+08  | 1.28465879e-06      
1672  | 1.23178308e+08  | 1.20144625e-06      
1673  | 1.23510333e+08  | 1.26487531e-06      
1674  | 1.23605482e+08  | 1.15397941e-06      
1675  | 1.23790773e+08  | 1.22472856e-06      
1676  | 1.23893647e+08  | 1.12339383e-06      
1677  | 1.23987622e+08  | 1.19331911e-06      
1678  | 1.24182681e+08  | 1.22218888e-06      
1679  | 1.24643743e+08  | 1.27716762e-06      
1686  | 1.26014695e+08  | 1.17079925e-06      
1687  | 1.26056224e+08  | 1.27225948e-06      
1688  | 1.26190475e+08  | 1.52684372e-06      
1689  | 1.26354174e+08  | 1.11827830e-06      
1690  | 1.26550147e+08  | 1.28842555e-06      
1691  | 1.26606208e+08  | 1.28815318e-06      
1692  | 1.26835551e+08  | 1.24527126e-06      
1693  | 1.27041133e+08  | 1.31651854e-06      
1694  | 1.27108429e+08  | 1.50489953e-06      
1695  | 1.27258629e+08  | 1.03568348e-06      
1696  | 1.27407357e+08  | 1.23438104e-06      
1697  | 1.27669747e+08  | 1.39205504e-06      
1698  | 1.27903366e+08  | 1.18505586e-06      
1699  | 1.27947828e+08  | 1.42662607e-06      
1706  | 1.29234806e+08  | 1.35299514e-06      
1707  | 1.29423232e+08  | 1.23975844e-06      
1708  | 1.29565647e+08  | 1.14327549e-06      
1709  | 1.29736145e+08  | 1.41054175e-06      
1710  | 1.30051240e+08  | 1.25529955e-06      
1711  | 1.30337680e+08  | 1.25590676e-06      
1712  | 1.30533895e+08  | 1.44063341e-06      
1713  | 1.30595801e+08  | 1.32945057e-06      
1714  | 1.30710549e+08  | 1.28451397e-06      
1715  | 1.31071725e+08  | 1.29011507e-06      
1716  | 1.31298066e+08  | 1.24644964e-06      
1717  | 1.31610436e+08  | 1.26800328e-06      
1718  | 1.31771457e+08  | 1.19043352e-06      
1719  | 1.31951748e+08  | 1.33723935e-06      
1726  | 1.33210324e+08  | 1.26385525e-06      
1727  | 1.33349211e+08  | 1.41993518e-06      
1728  | 1.33624855e+08  | 1.19068768e-06      
1729  | 1.33760191e+08  | 1.20073987e-06      
1730  | 1.34047920e+08  | 1.20525158e-06      
1731  | 1.34299010e+08  | 1.36722645e-06      
1732  | 1.34372318e+08  | 1.39916939e-06      
1733  | 1.34643378e+08  | 1.55188651e-06      
1734  | 1.34794527e+08  | 1.33136621e-06      
1735  | 1.34894418e+08  | 1.43859136e-06      
1736  | 1.35039205e+08  | 1.23757437e-06      
1737  | 1.35519156e+08  | 1.16262180e-06      
1738  | 1.35724038e+08  | 1.46133048e-06      
1739  | 1.36081399e+08  | 1.51238841e-06      
1746  | 1.37490481e+08  | 1.33265402e-06      
1747  | 1.37956378e+08  | 1.21014515e-06      
1748  | 1.38168933e+08  | 1.39739528e-06      
1749  | 1.38555532e+08  | 1.27826246e-06      
1750  | 1.38950482e+08  | 1.41100162e-06      
1751  | 1.39422179e+08  | 1.66782482e-06      
1752  | 1.39698387e+08  | 1.25559630e-06      
1753  | 1.39958491e+08  | 1.74635708e-06      
1754  | 1.40008389e+08  | 1.22928432e-06      
1755  | 1.40270342e+08  | 1.73638815e-06      
1756  | 1.40458153e+08  | 1.39781668e-06      
1757  | 1.40935483e+08  | 2.17355028e-06      
1758  | 1.41063134e+08  | 1.37594536e-06      
1759  | 1.41345011e+08  | 1.35055037e-06      
1766  | 1.43102024e+08  | 1.31163321e-06      
1767  | 1.43369406e+08  | 1.34619551e-06      
1768  | 1.44072892e+08  | 1.32588457e-06      
1769  | 1.44131334e+08  | 1.69570898e-06      
1770  | 1.44460371e+08  | 1.86041422e-06      
1771  | 1.44583009e+08  | 1.60086288e-06      
1772  | 1.44819989e+08  | 1.46720651e-06      
1773  | 1.45133336e+08  | 1.33763857e-06      
1774  | 1.45435111e+08  | 1.40595230e-06      
1775  | 1.45717536e+08  | 1.47444743e-06      
1776  | 1.45916324e+08  | 1.56179205e-06      
1777  | 1.46257175e+08  | 2.20621309e-06      
1778  | 1.46402171e+08  | 1.58492047e-06      
1779  | 1.46509087e+08  | 1.41166794e-06      
1786  | 1.48645069e+08  | 1.44183225e-06      
1787  | 1.49433803e+08  | 1.57821280e-06      
1788  | 1.49580686e+08  | 1.35872609e-06      
1789  | 1.49932627e+08  | 1.53137432e-06      
1790  | 1.50161922e+08  | 1.50459063e-06      
1791  | 1.50251790e+08  | 1.36419872e-06      
1792  | 1.50724263e+08  | 1.45665166e-06      
1793  | 1.50837430e+08  | 1.62865406e-06      
1794  | 1.51045960e+08  | 1.43655827e-06      
1795  | 1.51180589e+08  | 1.56677533e-06      
1796  | 1.51605572e+08  | 1.46720172e-06      
1797  | 1.51684607e+08  | 1.81767565e-06      
1798  | 1.52015340e+08  | 1.38348292e-06      
1799  | 1.52165284e+08  | 1.66108991e-06      
1806  | 1.54141188e+08  | 1.49240831e-06      
1807  | 1.54326722e+08  | 1.71979531e-06      
1808  | 1.54401518e+08  | 1.54857889e-06      
1809  | 1.54880094e+08  | 1.52160850e-06      
1810  | 1.55074739e+08  | 1.58599044e-06      
1811  | 1.55673066e+08  | 2.15082426e-06      
1812  | 1.55836768e+08  | 1.98596337e-06      
1813  | 1.55985259e+08  | 1.43961196e-06      
1814  | 1.56474861e+08  | 1.86830801e-06      
1815  | 1.57376962e+08  | 1.53983711e-06      
1816  | 1.57689305e+08  | 1.60514341e-06      
1817  | 1.57923669e+08  | 1.46557499e-06      
1818  | 1.58237151e+08  | 1.74100960e-06      
1819  | 1.58629803e+08  | 1.99037259e-06      
1826  | 1.60866922e+08  | 1.85278630e-06      
1827  | 1.61109691e+08  | 1.54883999e-06      
1828  | 1.61202442e+08  | 1.62343184e-06      
1829  | 1.61877895e+08  | 1.56011155e-06      
1830  | 1.62076780e+08  | 1.60555180e-06      
1831  | 1.62575066e+08  | 1.87967756e-06      
1832  | 1.62934426e+08  | 1.60318747e-06      
1833  | 1.63612833e+08  | 1.41525815e-06      
1834  | 1.63795659e+08  | 1.45185308e-06      
1835  | 1.64112968e+08  | 1.57293373e-06      
1836  | 1.64474466e+08  | 1.87259368e-06      
1837  | 1.64737901e+08  | 1.41672717e-06      
1838  | 1.65129439e+08  | 1.58900651e-06      
1839  | 1.65695805e+08  | 1.74125018e-06      
1846  | 1.68037759e+08  | 1.76077446e-06      
1847  | 1.68432358e+08  | 1.28104723e-06      
1848  | 1.68714974e+08  | 1.55889766e-06      
1849  | 1.69088963e+08  | 2.01869628e-06      
1850  | 1.69626952e+08  | 1.72400718e-06      
1851  | 1.69691076e+08  | 2.68531677e-06      
1852  | 1.70566784e+08  | 1.84855788e-06      
1853  | 1.70719896e+08  | 2.09774698e-06      
1854  | 1.71115107e+08  | 1.30989378e-06      
1855  | 1.71525270e+08  | 1.62733441e-06      
1856  | 1.71961665e+08  | 1.77485193e-06      
1857  | 1.72238522e+08  | 1.68002259e-06      
1858  | 1.72625712e+08  | 1.90189067e-06      
1859  | 1.72879594e+08  | 1.82910291e-06      
1866  | 1.75344244e+08  | 1.96257284e-06      
1867  | 1.76012112e+08  | 1.55868956e-06      
1868  | 1.76495171e+08  | 1.84700567e-06      
1869  | 1.76527968e+08  | 1.79496570e-06      
1870  | 1.76934907e+08  | 1.83805585e-06      
1871  | 1.76991114e+08  | 1.95772231e-06      
1872  | 1.77419877e+08  | 1.38385667e-06      
1873  | 1.77715313e+08  | 1.74942917e-06      
1874  | 1.78021088e+08  | 1.87833805e-06      
1875  | 1.78118942e+08  | 1.82871530e-06      
1876  | 1.78409700e+08  | 1.62163122e-06      
1877  | 1.79117327e+08  | 1.50815315e-06      
1878  | 1.79354834e+08  | 1.44574224e-06      
1879  | 1.79670404e+08  | 1.76081549e-06      
1886  | 1.83003179e+08  | 1.52008824e-06      
1887  | 1.83419512e+08  | 1.48134341e-06      
1888  | 1.83718117e+08  | 1.49899525e-06      
1889  | 1.84045101e+08  | 1.87241966e-06      
1890  | 1.84279496e+08  | 1.78752818e-06      
1891  | 1.84983920e+08  | 1.55620004e-06      
1892  | 1.85231331e+08  | 1.49603955e-06      
1893  | 1.86446274e+08  | 2.08892534e-06      
1894  | 1.86664771e+08  | 1.85093807e-06      
1895  | 1.86906188e+08  | 1.75721221e-06      
1896  | 1.87747421e+08  | 1.82810508e-06      
1897  | 1.88506991e+08  | 1.60926333e-06      
1898  | 1.89231344e+08  | 1.67446488e-06      
1899  | 1.89559270e+08  | 1.86929060e-06      
1906  | 1.93338304e+08  | 1.91657922e-06      
1907  | 1.93530728e+08  | 1.84350694e-06      
1908  | 1.94373285e+08  | 1.66957035e-06      
1909  | 1.95075930e+08  | 2.00555059e-06      
1910  | 1.95928991e+08  | 1.93706192e-06      
1911  | 1.96349765e+08  | 2.06645873e-06      
1912  | 1.96513908e+08  | 2.14214560e-06      
1913  | 1.97536058e+08  | 1.67640693e-06      
1914  | 1.97829053e+08  | 1.90421622e-06      
1915  | 1.98033383e+08  | 2.02020269e-06      
1916  | 1.98427338e+08  | 1.84218858e-06      
1917  | 1.98892426e+08  | 2.30965291e-06      
1918  | 1.99142874e+08  | 1.84792764e-06      
1919  | 1.99863110e+08  | 2.06148418e-06      
1926  | 2.04019170e+08  | 1.76896771e-06      
1927  | 2.04849792e+08  | 2.02330543e-06      
1928  | 2.05014405e+08  | 2.22397007e-06      
1929  | 2.06251032e+08  | 1.94472219e-06      
1930  | 2.07141876e+08  | 1.77161237e-06      
1931  | 2.07405262e+08  | 1.78840959e-06      
1932  | 2.08291185e+08  | 2.21299895e-06      
1933  | 2.08581739e+08  | 2.13245041e-06      
1934  | 2.08875435e+08  | 2.06663271e-06      
1935  | 2.09788011e+08  | 1.91869452e-06      
1936  | 2.10173467e+08  | 2.87327325e-06      
1937  | 2.10933455e+08  | 2.15736534e-06      
1938  | 2.11099849e+08  | 2.12779623e-06      
1939  | 2.11906812e+08  | 2.14655883e-06      
1946  | 2.15021777e+08  | 2.59056850e-06      
1947  | 2.16037720e+08  | 1.66221442e-06      
1948  | 2.16288052e+08  | 1.98243014e-06      
1949  | 2.17559957e+08  | 2.88816713e-06      
1950  | 2.18202622e+08  | 2.12731333e-06      
1951  | 2.18953536e+08  | 1.64015264e-06      
1952  | 2.19583656e+08  | 1.82746108e-06      
1953  | 2.20175539e+08  | 1.89044079e-06      
1954  | 2.20870597e+08  | 1.83315428e-06      
1955  | 2.21849029e+08  | 1.57995987e-06      
1956  | 2.22040737e+08  | 1.94881503e-06      
1957  | 2.22459544e+08  | 1.69503106e-06      
1958  | 2.23818442e+08  | 1.49649187e-06      
1959  | 2.24346779e+08  | 2.04260087e-06      
1966  | 2.28448321e+08  | 1.72262201e-06      
1967  | 2.29112349e+08  | 1.96585972e-06      
1968  | 2.29666133e+08  | 2.19546741e-06      
1969  | 2.30032646e+08  | 1.66426162e-06      
1970  | 2.30738666e+08  | 1.70110980e-06      
1971  | 2.31622593e+08  | 2.79654209e-06      
1972  | 2.32099257e+08  | 2.95201139e-06      
1973  | 2.32621887e+08  | 2.76818496e-06      
1974  | 2.33519701e+08  | 2.17691525e-06      
1975  | 2.34053325e+08  | 1.92464909e-06      
1976  | 2.34869309e+08  | 1.78978348e-06      
1977  | 2.35360232e+08  | 1.85956962e-06      
1978  | 2.36365976e+08  | 1.82768776e-06      
1979  | 2.36690128e+08  | 1.61478673e-06      
1986  | 2.40302795e+08  | 2.19867580e-06      
1987  | 2.41000018e+08  | 1.85591721e-06      
1988  | 2.43158098e+08  | 1.69612205e-06      
1989  | 2.43302967e+08  | 1.49140869e-06      
1990  | 2.43719670e+08  | 1.60499269e-06      
1991  | 2.43986304e+08  | 1.56744616e-06      
1992  | 2.44559706e+08  | 1.73341353e-06      
1993  | 2.45936278e+08  | 1.80027829e-06      
1994  | 2.46605894e+08  | 1.94215326e-06      
1995  | 2.47238320e+08  | 1.59749254e-06      
1996  | 2.47809589e+08  | 1.87544028e-06      
1997  | 2.48489911e+08  | 2.04235341e-06      
1998  | 2.48828968e+08  | 1.78274471e-06      
1999  | 2.49092527e+08  | 1.73689228e-06      
2006  | 2.54661995e+08  | 1.78809087e-06      
2007  | 2.56100193e+08  | 1.70182043e-06      
2008  | 2.57005415e+08  | 1.57241423e-06      
2009  | 2.57468926e+08  | 1.51890526e-06      
2010  | 2.58370438e+08  | 1.59257242e-06      
2011  | 2.59087012e+08  | 1.41961825e-06      
2012  | 2.59713812e+08  | 1.60412014e-06      
2013  | 2.61645069e+08  | 1.34021803e-06      
2014  | 2.62135816e+08  | 1.57543145e-06      
2015  | 2.62546850e+08  | 1.31895034e-06      
2016  | 2.63392666e+08  | 1.52449201e-06      
2017  | 2.63989963e+08  | 1.77690523e-06      
2018  | 2.66057970e+08  | 1.79654545e-06      
2019  | 2.66212630e+08  | 1.43616975e-06      
2026  | 2.72419598e+08  | 1.79095637e-06      
2027  | 2.72738903e+08  | 1.90275094e-06      
2028  | 2.73778261e+08  | 1.91554326e-06      
2029  | 2.73879103e+08  | 2.03474897e-06      
2030  | 2.75317317e+08  | 1.79020183e-06      
2031  | 2.76157943e+08  | 1.59745140e-06      
2032  | 2.76735137e+08  | 1.97680335e-06      
2033  | 2.77508007e+08  | 1.50359962e-06      
2034  | 2.78378249e+08  | 1.54969385e-06      
2035  | 2.78426974e+08  | 1.61607358e-06      
2036  | 2.79932705e+08  | 1.63480503e-06      
2037  | 2.81145627e+08  | 1.68014325e-06      
2038  | 2.81708523e+08  | 1.51946825e-06      
2039  | 2.83484197e+08  | 1.97255850e-06      
2046  | 2.90082977e+08  | 1.63453050e-06      
2047  | 2.90372048e+08  | 1.87018919e-06      
2048  | 2.91779816e+08  | 1.95812037e-06      
2049  | 2.93353540e+08  | 2.00352531e-06      
2050  | 2.94152707e+08  | 1.75645128e-06      
2051  | 2.95161069e+08  | 1.57594189e-06      
2052  | 2.96499919e+08  | 1.75039588e-06      
2053  | 2.97103720e+08  | 2.02350811e-06      
2054  | 2.98360011e+08  | 1.73441376e-06      
2055  | 2.98844735e+08  | 1.82338337e-06      
2056  | 2.99172002e+08  | 1.54477888e-06      
2057  | 2.99857534e+08  | 1.70278565e-06      
2058  | 3.00616463e+08  | 2.47390430e-06      
2059  | 3.01994972e+08  | 2.18088123e-06      
2066  | 3.07870348e+08  | 1.86732515e-06      
2067  | 3.08375428e+08  | 1.53654065e-06      
2068  | 3.09959492e+08  | 1.48790247e-06      
2069  | 3.10058948e+08  | 1.55593338e-06      
2070  | 3.10964517e+08  | 1.60197998e-06      
2071  | 3.12872356e+08  | 1.61651533e-06      
2072  | 3.14713651e+08  | 1.59934713e-06      
2073  | 3.14861649e+08  | 1.67174691e-06      
2074  | 3.15277934e+08  | 1.59227826e-06      
2075  | 3.16438142e+08  | 1.56381292e-06      
2076  | 3.16900230e+08  | 1.74811225e-06      
2077  | 3.17312303e+08  | 1.80064739e-06      
2078  | 3.18285683e+08  | 1.90648653e-06      
2079  | 3.19963798e+08  | 1.57945788e-06      
2086  | 3.27143686e+08  | 1.48224401e-06      
2087  | 3.28240366e+08  | 1.54912512e-06      
2088  | 3.30911198e+08  | 1.57001329e-06      
2089  | 3.31449548e+08  | 1.50321908e-06      
2090  | 3.31783130e+08  | 1.46187744e-06      
2091  | 3.33346052e+08  | 1.52546191e-06      
2092  | 3.33689900e+08  | 1.43067016e-06      
2093  | 3.34513291e+08  | 1.52210593e-06      
2094  | 3.34927285e+08  | 1.73555272e-06      
2095  | 3.36638860e+08  | 1.52053293e-06      
2096  | 3.36977828e+08  | 1.67934841e-06      
2097  | 3.37914327e+08  | 1.67573593e-06      
2098  | 3.38238638e+08  | 1.52766277e-06      
2099  | 3.39260968e+08  | 1.57295242e-06      
2106  | 3.45196193e+08  | 1.90018650e-06      
2107  | 3.45852049e+08  | 1.70412231e-06      
2108  | 3.46163799e+08  | 1.54121778e-06      
2109  | 3.47149517e+08  | 1.34267950e-06      
2110  | 3.49656951e+08  | 1.56225764e-06      
2111  | 3.50214264e+08  | 1.25304054e-06      
2112  | 3.50527927e+08  | 1.49549371e-06      
2113  | 3.52184123e+08  | 1.39554725e-06      
2114  | 3.52487108e+08  | 1.59379737e-06      
2115  | 3.53910654e+08  | 1.27819586e-06      
2116  | 3.54455162e+08  | 1.11736071e-06      
2117  | 3.55024449e+08  | 1.57230696e-06      
2118  | 3.55682911e+08  | 1.31912649e-06      
2119  | 3.56115376e+08  | 1.31564290e-06      
2126  | 3.61645903e+08  | 1.42289850e-06      
2127  | 3.62729406e+08  | 1.39373078e-06      
2128  | 3.63638109e+08  | 1.55880498e-06      
2129  | 3.64296808e+08  | 1.54719660e-06      
2130  | 3.64523906e+08  | 1.62025956e-06      
2131  | 3.65364487e+08  | 1.44639431e-06      
2132  | 3.66152666e+08  | 1.45372093e-06      
2133  | 3.66999371e+08  | 1.81584954e-06      
2134  | 3.67206193e+08  | 1.63912570e-06      
2135  | 3.67733139e+08  | 1.46191437e-06      
2136  | 3.69328460e+08  | 1.64675962e-06      
2137  | 3.70147444e+08  | 1.62002803e-06      
2138  | 3.70850677e+08  | 1.63229225e-06      
2139  | 3.71706489e+08  | 1.10621246e-06      
2146  | 3.78360632e+08  | 1.67129471e-06      
2147  | 3.79244101e+08  | 1.26435285e-06      
2148  | 3.79662515e+08  | 1.31562261e-06      
2149  | 3.82456278e+08  | 1.47985566e-06      
2150  | 3.82907270e+08  | 1.31979300e-06      
2151  | 3.83158464e+08  | 1.49285277e-06      
2152  | 3.85398251e+08  | 1.30925957e-06      
2153  | 3.86114499e+08  | 1.40154812e-06      
2154  | 3.87621243e+08  | 1.36563622e-06      
2155  | 3.87774329e+08  | 1.62151268e-06      
2156  | 3.89086177e+08  | 1.43078260e-06      
2157  | 3.89676447e+08  | 1.38226965e-06      
2158  | 3.90953866e+08  | 1.40403312e-06      
2159  | 3.91155704e+08  | 1.63182601e-06      
2166  | 3.96974275e+08  | 1.28843569e-06      
2167  | 3.97559111e+08  | 1.56873429e-06      
2168  | 3.98357166e+08  | 1.46969823e-06      
2169  | 3.99721858e+08  | 1.36976523e-06      
2170  | 3.99914256e+08  | 1.35878193e-06      
2171  | 4.01602470e+08  | 1.43703534e-06      
2172  | 4.02466269e+08  | 1.56214282e-06      
2173  | 4.02526222e+08  | 1.47468433e-06      
2174  | 4.04459500e+08  | 1.59634744e-06      
2175  | 4.05398518e+08  | 1.47422371e-06      
2176  | 4.06372612e+08  | 1.44760987e-06      
2177  | 4.06832913e+08  | 1.48018829e-06      
2178  | 4.07664413e+08  | 1.36497971e-06      
2179  | 4.08473917e+08  | 1.38737803e-06      
2186  | 4.15132217e+08  | 1.50050810e-06      
2187  | 4.15919935e+08  | 1.33829700e-06      
2188  | 4.16924909e+08  | 1.59106861e-06      
2189  | 4.17492889e+08  | 1.49863896e-06      
2190  | 4.18922521e+08  | 1.49163846e-06      
2191  | 4.20080609e+08  | 1.57825858e-06      
2192  | 4.20795536e+08  | 1.35856470e-06      
2193  | 4.21216852e+08  | 1.65176077e-06      
2194  | 4.22033831e+08  | 1.42459180e-06      
2195  | 4.22639554e+08  | 1.56799212e-06      
2196  | 4.24044693e+08  | 1.47030052e-06      
2197  | 4.25368119e+08  | 1.41814066e-06      
2198  | 4.26066394e+08  | 1.44265841e-06      
2199  | 4.27290440e+08  | 1.44315093e-06      
2206  | 4.33060088e+08  | 1.51621421e-06      
2207  | 4.33826221e+08  | 1.50269426e-06      
2208  | 4.35888507e+08  | 1.47258161e-06      
2209  | 4.36517810e+08  | 1.55455947e-06      
2210  | 4.37448396e+08  | 1.43623026e-06      
2211  | 4.37766475e+08  | 1.54520978e-06      
2212  | 4.38891063e+08  | 1.40950552e-06      
2213  | 4.39445877e+08  | 1.46968394e-06      
2214  | 4.40322154e+08  | 1.45649503e-06      
2215  | 4.40864785e+08  | 1.49971425e-06      
2216  | 4.41287832e+08  | 1.50714393e-06      
2217  | 4.42452569e+08  | 1.68433415e-06      
2218  | 4.43227081e+08  | 1.48813939e-06      
2219  | 4.43856678e+08  | 1.67910922e-06      
2226  | 4.51299768e+08  | 1.72144274e-06      
2227  | 4.51943712e+08  | 1.52953091e-06      
2228  | 4.52481482e+08  | 1.46800752e-06      
2229  | 4.52621483e+08  | 1.57949502e-06      
2230  | 4.53500995e+08  | 1.64199730e-06      
2231  | 4.54331820e+08  | 1.56085684e-06      
2232  | 4.55169915e+08  | 1.67688688e-06      
2233  | 4.55886033e+08  | 1.41542617e-06      
2234  | 4.56670507e+08  | 1.60816149e-06      
2235  | 4.57014260e+08  | 1.79339708e-06      
2236  | 4.57984009e+08  | 1.55863474e-06      
2237  | 4.59068108e+08  | 1.62790832e-06      
2238  | 4.60083530e+08  | 1.53304586e-06      
2239  | 4.60945401e+08  | 1.56335955e-06      
2246  | 4.66098317e+08  | 1.52688722e-06      
2247  | 4.66671985e+08  | 1.53926364e-06      
2248  | 4.67167173e+08  | 1.40315668e-06      
2249  | 4.67858852e+08  | 1.53444756e-06      
2250  | 4.68520510e+08  | 1.52616026e-06      
2251  | 4.70503240e+08  | 1.35462073e-06      
2252  | 4.71650228e+08  | 1.47339385e-06      
2253  | 4.72614726e+08  | 1.66949228e-06      
2254  | 4.73523277e+08  | 1.50314550e-06      
2255  | 4.74133275e+08  | 1.48515330e-06      
2256  | 4.75149663e+08  | 1.54512875e-06      
2257  | 4.75529323e+08  | 1.86647709e-06      
2258  | 4.75620179e+08  | 1.52399305e-06      
2259  | 4.76404125e+08  | 1.54118773e-06      
2266  | 4.83488922e+08  | 1.42865447e-06      
2267  | 4.84059379e+08  | 1.46424911e-06      
2268  | 4.84938682e+08  | 1.44259173e-06      
2269  | 4.86533428e+08  | 1.65188510e-06      
2270  | 4.86636212e+08  | 1.63246077e-06      
2271  | 4.86830599e+08  | 1.55510543e-06      
2272  | 4.87958718e+08  | 1.62901590e-06      
2273  | 4.88488040e+08  | 1.61917282e-06      
2274  | 4.89882206e+08  | 1.58750608e-06      
2275  | 4.90390616e+08  | 1.45523497e-06      
2276  | 4.90720732e+08  | 1.47280448e-06      
2277  | 4.91489281e+08  | 1.46457877e-06      
2278  | 4.93459565e+08  | 1.52418960e-06      
2279  | 4.94640839e+08  | 1.44726515e-06      
2286  | 5.00564952e+08  | 1.67747590e-06      
2287  | 5.01160468e+08  | 1.54343887e-06      
2288  | 5.01752011e+08  | 1.66251771e-06      
2289  | 5.02879024e+08  | 1.47332204e-06      
2290  | 5.03199471e+08  | 1.62319574e-06      
2291  | 5.04888800e+08  | 1.67123515e-06      
2292  | 5.06493718e+08  | 1.39224189e-06      
2293  | 5.07688626e+08  | 1.50231930e-06      
2294  | 5.08321533e+08  | 1.45307282e-06      
2295  | 5.08556181e+08  | 1.56324893e-06      
2296  | 5.09646838e+08  | 1.66877489e-06      
2297  | 5.10023791e+08  | 1.47403954e-06      
2298  | 5.10338780e+08  | 1.72890093e-06      
2299  | 5.11425017e+08  | 1.52542444e-06      
2306  | 5.19121929e+08  | 1.48380346e-06      
2307  | 5.19914579e+08  | 1.61563048e-06      
2308  | 5.20640404e+08  | 1.61207881e-06      
2309  | 5.22871113e+08  | 1.45114934e-06      
2310  | 5.23878148e+08  | 1.52382633e-06      
2311  | 5.24202737e+08  | 1.49858219e-06      
2312  | 5.26157899e+08  | 1.63474042e-06      
2313  | 5.26703341e+08  | 1.53054252e-06      
2314  | 5.27522029e+08  | 1.52967140e-06      
2315  | 5.28335196e+08  | 1.52825421e-06      
2316  | 5.28722771e+08  | 1.52902497e-06      
2317  | 5.29571564e+08  | 1.56162967e-06      
2318  | 5.30186156e+08  | 1.47933509e-06      
2319  | 5.30650554e+08  | 1.51949529e-06      
2326  | 5.37807360e+08  | 1.67180666e-06      
2327  | 5.39400154e+08  | 1.72948455e-06      
2328  | 5.40790199e+08  | 1.51703129e-06      
2329  | 5.41175010e+08  | 1.68769465e-06      
2330  | 5.42663344e+08  | 1.64289811e-06      
2331  | 5.43089657e+08  | 1.55405124e-06      
2332  | 5.43412904e+08  | 1.58571728e-06      
2333  | 5.43971976e+08  | 1.85933282e-06      
2334  | 5.46364001e+08  | 2.22544019e-06      
2335  | 5.47132767e+08  | 1.56272178e-06      
2336  | 5.48196555e+08  | 1.55175464e-06      
2337  | 5.49319679e+08  | 1.68556664e-06      
2338  | 5.50214801e+08  | 1.53945741e-06      
2339  | 5.51847813e+08  | 1.56456592e-06      
2346  | 5.58942154e+08  | 1.60730659e-06      
2347  | 5.60152637e+08  | 1.57067717e-06      
2348  | 5.61564093e+08  | 1.64957466e-06      
2349  | 5.62563569e+08  | 1.71278706e-06      
2350  | 5.62949108e+08  | 1.62417064e-06      
2351  | 5.63628596e+08  | 1.56231129e-06      
2352  | 5.64655010e+08  | 1.49779169e-06      
2353  | 5.65440886e+08  | 1.48372879e-06      
2354  | 5.66824364e+08  | 1.61645504e-06      
2355  | 5.67639252e+08  | 1.70351610e-06      
2356  | 5.68850533e+08  | 1.88214086e-06      
2357  | 5.69599868e+08  | 1.58750695e-06      
2358  | 5.71748804e+08  | 1.71840260e-06      
2359  | 5.72335321e+08  | 1.78403492e-06      
2366  | 5.81253432e+08  | 1.52693054e-06      
2367  | 5.82551264e+08  | 1.58384663e-06      
2368  | 5.84166480e+08  | 1.72398163e-06      
2369  | 5.85799351e+08  | 1.59523636e-06      
2370  | 5.86574615e+08  | 1.50525525e-06      
2371  | 5.89301614e+08  | 1.69294339e-06      
2372  | 5.90671490e+08  | 1.59589530e-06      
2373  | 5.92518380e+08  | 1.52607537e-06      
2374  | 5.94600849e+08  | 1.38191746e-06      
2375  | 5.96818740e+08  | 1.50937052e-06      
2376  | 5.97459672e+08  | 1.47982395e-06      
2377  | 5.99125812e+08  | 1.87062612e-06      
2378  | 5.99437862e+08  | 1.78314979e-06      
2379  | 5.99863341e+08  | 1.61608769e-06      
2386  | 6.07976055e+08  | 1.66700604e-06      
2387  | 6.09983313e+08  | 1.45191550e-06      
2388  | 6.10837477e+08  | 1.51135615e-06      
2389  | 6.11193322e+08  | 1.60265097e-06      
2390  | 6.12738756e+08  | 1.54947039e-06      
2391  | 6.13205030e+08  | 1.65981410e-06      
2392  | 6.14033092e+08  | 1.44665981e-06      
2393  | 6.14718038e+08  | 1.50001201e-06      
2394  | 6.18019872e+08  | 1.60954372e-06      
2395  | 6.18584671e+08  | 1.54775457e-06      
2396  | 6.19507487e+08  | 1.65796573e-06      
2397  | 6.21441080e+08  | 1.54223984e-06      
2398  | 6.21621238e+08  | 1.41202991e-06      
2399  | 6.22607578e+08  | 1.52192281e-06      
2406  | 6.30914248e+08  | 1.65392607e-06      
2407  | 6.32186768e+08  | 1.69711628e-06      
2408  | 6.33647219e+08  | 1.48075545e-06      
2409  | 6.34042638e+08  | 1.55273486e-06      
2410  | 6.35765644e+08  | 1.53039281e-06      
2411  | 6.36886804e+08  | 1.66440475e-06      
2412  | 6.38238609e+08  | 1.72961904e-06      
2413  | 6.38847481e+08  | 1.43758590e-06      
2414  | 6.39539730e+08  | 1.63274556e-06      
2415  | 6.41937425e+08  | 1.56746547e-06      
2416  | 6.42500124e+08  | 1.48268270e-06      
2417  | 6.44098938e+08  | 1.60009124e-06      
2418  | 6.45750775e+08  | 1.45131425e-06      
2419  | 6.47703736e+08  | 1.91694023e-06      
2426  | 6.57053780e+08  | 1.57675815e-06      
2427  | 6.59874769e+08  | 1.61050203e-06      
2428  | 6.60695053e+08  | 1.30855182e-06      
2429  | 6.61350926e+08  | 1.52444274e-06      
2430  | 6.62328861e+08  | 1.47798716e-06      
2431  | 6.63192979e+08  | 1.42041565e-06      
2432  | 6.64018866e+08  | 1.48469807e-06      
2433  | 6.64854857e+08  | 1.48817837e-06      
2434  | 6.65526178e+08  | 1.50828237e-06      
2435  | 6.66911443e+08  | 1.48862048e-06      
2436  | 6.67795663e+08  | 1.39610057e-06      
2437  | 6.69526970e+08  | 1.46146321e-06      
2438  | 6.70026749e+08  | 1.42989181e-06      
2439  | 6.72659834e+08  | 1.49630010e-06      
2446  | 6.83001078e+08  | 1.35027836e-06      
2447  | 6.84720939e+08  | 1.51749891e-06      
2448  | 6.85209961e+08  | 1.36960706e-06      
2449  | 6.86151436e+08  | 1.56955324e-06      
2450  | 6.87638003e+08  | 1.71474396e-06      
2451  | 6.88767608e+08  | 1.63602009e-06      
2452  | 6.90185868e+08  | 1.56798100e-06      
2453  | 6.92734525e+08  | 1.53396822e-06      
2454  | 6.94280086e+08  | 1.55488693e-06      
2455  | 6.95202165e+08  | 1.57311398e-06      
2456  | 6.97862049e+08  | 1.49383300e-06      
2457  | 6.99415222e+08  | 1.46550993e-06      
2458  | 7.01110702e+08  | 1.54243873e-06      
2459  | 7.02104524e+08  | 1.53058106e-06      
2466  | 7.13467565e+08  | 1.68112169e-06      
2467  | 7.13708380e+08  | 1.67302985e-06      
2468  | 7.15315231e+08  | 1.58902941e-06      
2469  | 7.16369769e+08  | 1.49656039e-06      
2470  | 7.17252930e+08  | 1.70839110e-06      
2471  | 7.20459406e+08  | 1.64618938e-06      
2472  | 7.20909117e+08  | 1.70888070e-06      
2473  | 7.22363117e+08  | 1.72332682e-06      
2474  | 7.23880163e+08  | 1.70436064e-06      
2475  | 7.24825174e+08  | 1.56694986e-06      
2476  | 7.26435650e+08  | 1.53967516e-06      
2477  | 7.28786461e+08  | 1.64438163e-06      
2478  | 7.29742650e+08  | 1.73678011e-06      
2479  | 7.30537866e+08  | 1.59332135e-06      
2486  | 7.41958213e+08  | 1.61779330e-06      
2487  | 7.43755713e+08  | 1.66295441e-06      
2488  | 7.45916165e+08  | 1.65714108e-06      
2489  | 7.46914579e+08  | 1.66807905e-06      
2490  | 7.47448514e+08  | 1.66249669e-06      
2491  | 7.48772587e+08  | 1.58244204e-06      
2492  | 7.50293797e+08  | 1.59124356e-06      
2493  | 7.50946418e+08  | 1.66725334e-06      
2494  | 7.51468500e+08  | 1.44262942e-06      
2495  | 7.53171165e+08  | 1.63402809e-06      
2496  | 7.56018006e+08  | 1.66742064e-06      
2497  | 7.56899798e+08  | 1.56864202e-06      
2498  | 7.58004280e+08  | 1.53589317e-06      
2499  | 7.59170314e+08  | 1.51318689e-06      
2506  | 7.68302647e+08  | 1.51754290e-06      
2507  | 7.70865054e+08  | 1.47526800e-06      
2508  | 7.71668381e+08  | 1.53492276e-06      
2509  | 7.73461303e+08  | 1.59976253e-06      
2510  | 7.74642753e+08  | 1.54275928e-06      
2511  | 7.75826967e+08  | 1.44683272e-06      
2512  | 7.77235112e+08  | 1.40429378e-06      
2513  | 7.78610535e+08  | 1.48568082e-06      
2514  | 7.80551332e+08  | 1.70582917e-06      
2515  | 7.81964734e+08  | 1.60808367e-06      
2516  | 7.82387282e+08  | 1.34046524e-06      
2517  | 7.84337962e+08  | 1.43488331e-06      
2518  | 7.86894127e+08  | 1.51767851e-06      
2519  | 7.89094321e+08  | 1.34945347e-06      
2526  | 7.97562108e+08  | 1.54551178e-06      
2527  | 7.98302106e+08  | 1.55755780e-06      
2528  | 7.98528380e+08  | 1.46025055e-06      
2529  | 7.99982448e+08  | 1.60356262e-06      
2530  | 8.02769896e+08  | 1.41578008e-06      
2531  | 8.04861670e+08  | 1.59589697e-06      
2532  | 8.05481483e+08  | 1.47218799e-06      
2533  | 8.05779266e+08  | 1.42334997e-06      
2534  | 8.06679661e+08  | 1.34932097e-06      
2535  | 8.09444537e+08  | 1.57026110e-06      
2536  | 8.10520798e+08  | 1.65262408e-06      
2537  | 8.11589714e+08  | 1.44714042e-06      
2538  | 8.12186230e+08  | 1.54682463e-06      
2539  | 8.14225397e+08  | 1.41527915e-06      
2546  | 8.21559609e+08  | 1.67027353e-06      
2547  | 8.23066979e+08  | 1.42673640e-06      
2548  | 8.24184273e+08  | 1.27390663e-06      
2549  | 8.25180171e+08  | 1.42982187e-06      
2550  | 8.27472435e+08  | 1.34023670e-06      
2551  | 8.28215952e+08  | 1.49739244e-06      
2552  | 8.29350141e+08  | 1.29965361e-06      
2553  | 8.30420396e+08  | 1.63562984e-06      
2554  | 8.31466659e+08  | 1.74425421e-06      
2555  | 8.32747197e+08  | 1.45239951e-06      
2556  | 8.33326455e+08  | 1.77724747e-06      
2557  | 8.35380107e+08  | 1.41514210e-06      
2558  | 8.36215834e+08  | 1.74722767e-06      
2559  | 8.37221181e+08  | 1.59804015e-06      
2566  | 8.52250572e+08  | 1.61325832e-06      
2567  | 8.53132387e+08  | 1.57469042e-06      
2568  | 8.53719177e+08  | 1.56730728e-06      
2569  | 8.56078611e+08  | 1.64807148e-06      
2570  | 8.59313932e+08  | 1.61623852e-06      
2571  | 8.59970347e+08  | 1.52506593e-06      
2572  | 8.60934803e+08  | 1.65019570e-06      
2573  | 8.63878866e+08  | 1.58387052e-06      
2574  | 8.64045355e+08  | 1.57445070e-06      
2575  | 8.65768357e+08  | 1.63888295e-06      
2576  | 8.68094484e+08  | 1.69283140e-06      
2577  | 8.69514178e+08  | 1.64435002e-06      
2578  | 8.72060035e+08  | 1.51191477e-06      
2579  | 8.73279503e+08  | 1.76697936e-06      
2586  | 8.86055502e+08  | 1.57583504e-06      
2587  | 8.88176204e+08  | 1.78119048e-06      
2588  | 8.89314252e+08  | 1.61722984e-06      
2589  | 8.92612442e+08  | 1.60883296e-06      
2590  | 8.93809121e+08  | 1.84409347e-06      
2591  | 8.96967013e+08  | 1.90374127e-06      
2592  | 8.98051503e+08  | 1.58075062e-06      
2593  | 8.98775211e+08  | 1.63184948e-06      
2594  | 9.00031988e+08  | 1.63703982e-06      
2595  | 9.01877815e+08  | 1.69380460e-06      
2596  | 9.03448248e+08  | 1.57772555e-06      
2597  | 9.05917264e+08  | 1.83532443e-06      
2598  | 9.09267547e+08  | 1.69797570e-06      
2599  | 9.09535985e+08  | 1.69101150e-06      
2606  | 9.24404849e+08  | 1.48009229e-06      
2607  | 9.25689791e+08  | 1.75961319e-06      
2608  | 9.28153910e+08  | 1.78164355e-06      
2609  | 9.28701680e+08  | 1.84089973e-06      
2610  | 9.30419184e+08  | 1.60101552e-06      
2611  | 9.32857218e+08  | 1.58391836e-06      
2612  | 9.34141813e+08  | 1.48650775e-06      
2613  | 9.36622331e+08  | 1.68362358e-06      
2614  | 9.37484961e+08  | 1.74526471e-06      
2615  | 9.39042739e+08  | 1.78157470e-06      
2616  | 9.39847301e+08  | 2.10645370e-06      
2617  | 9.43969154e+08  | 1.68481184e-06      
2618  | 9.46142254e+08  | 1.72060246e-06      
2619  | 9.47881769e+08  | 1.76578605e-06      
2626  | 9.60313931e+08  | 1.74181220e-06      
2627  | 9.66592711e+08  | 1.53330233e-06      
2628  | 9.69635157e+08  | 1.63769947e-06      
2629  | 9.71481649e+08  | 1.63721469e-06      
2630  | 9.72350478e+08  | 1.60053166e-06      
2631  | 9.74043562e+08  | 1.82453214e-06      
2632  | 9.75064421e+08  | 1.65424000e-06      
2633  | 9.76839262e+08  | 1.46104610e-06      
2634  | 9.77902513e+08  | 1.43072693e-06      
2635  | 9.79722674e+08  | 1.69556154e-06      
2636  | 9.80885641e+08  | 1.52536756e-06      
2637  | 9.82161819e+08  | 1.70454644e-06      
2638  | 9.85547207e+08  | 1.65420352e-06      
2639  | 9.86603576e+08  | 1.52470329e-06      
2646  | 1.00232268e+09  | 1.49978281e-06      
2647  | 1.00390966e+09  | 1.26037954e-06      
2648  | 1.00864269e+09  | 1.70501880e-06      
2649  | 1.01030250e+09  | 1.44701705e-06      
2650  | 1.01267607e+09  | 1.60383639e-06      
2651  | 1.01519369e+09  | 1.55848513e-06      
2652  | 1.01849146e+09  | 1.74135058e-06      
2653  | 1.02084475e+09  | 1.67211696e-06      
2654  | 1.02193409e+09  | 1.35377196e-06      
2655  | 1.02462371e+09  | 1.63274370e-06      
2656  | 1.02588575e+09  | 1.70285313e-06      
2657  | 1.02739086e+09  | 1.55922610e-06      
2658  | 1.02823423e+09  | 1.58152663e-06      
2659  | 1.02872001e+09  | 1.69809219e-06      
2666  | 1.04836913e+09  | 1.62878149e-06      
2667  | 1.05053433e+09  | 1.59973048e-06      
2668  | 1.05389023e+09  | 1.54970671e-06      
2669  | 1.05762366e+09  | 1.51483847e-06      
2670  | 1.05964038e+09  | 1.58734149e-06      
2671  | 1.06262986e+09  | 1.62555775e-06      
2672  | 1.06319012e+09  | 1.64264695e-06      
2673  | 1.06478251e+09  | 1.52849711e-06      
2674  | 1.06632000e+09  | 1.59137722e-06      
2675  | 1.06953808e+09  | 1.45300535e-06      
2676  | 1.07183177e+09  | 1.51098689e-06      
2677  | 1.07339215e+09  | 1.55528097e-06      
2678  | 1.07712083e+09  | 1.49240970e-06      
2679  | 1.07808303e+09  | 1.38331262e-06      
2686  | 1.09041107e+09  | 1.53225531e-06      
2687  | 1.09449297e+09  | 1.52938544e-06      
2688  | 1.09597859e+09  | 1.70387452e-06      
2689  | 1.09777935e+09  | 1.57959367e-06      
2690  | 1.09882452e+09  | 1.63696119e-06      
2691  | 1.10390836e+09  | 1.58378700e-06      
2692  | 1.10542166e+09  | 1.42709101e-06      
2693  | 1.10554919e+09  | 1.79535637e-06      
2694  | 1.10954100e+09  | 1.43427288e-06      
2695  | 1.11093873e+09  | 1.27579516e-06      
2696  | 1.11326367e+09  | 1.48071234e-06      
2697  | 1.11652266e+09  | 1.53435199e-06      
2698  | 1.11751666e+09  | 1.42392044e-06      
2699  | 1.11937620e+09  | 1.61514867e-06      
2706  | 1.13092654e+09  | 1.19100412e-06      
2707  | 1.13234708e+09  | 1.33213970e-06      
2708  | 1.13374522e+09  | 1.41174280e-06      
2709  | 1.13550814e+09  | 1.42759835e-06      
2710  | 1.13840472e+09  | 1.35563238e-06      
2711  | 1.14080021e+09  | 1.50624376e-06      
2712  | 1.14207621e+09  | 1.40862595e-06      
2713  | 1.14365814e+09  | 1.38936775e-06      
2714  | 1.14600078e+09  | 1.25169340e-06      
2715  | 1.14613890e+09  | 1.27250076e-06      
2716  | 1.14893304e+09  | 1.51558150e-06      
2717  | 1.14995660e+09  | 1.15235646e-06      
2718  | 1.15161792e+09  | 1.34602262e-06      
2719  | 1.15259338e+09  | 1.18835735e-06      
2726  | 1.16808387e+09  | 1.51855591e-06      
2727  | 1.16821384e+09  | 1.50186727e-06      
2728  | 1.17174425e+09  | 1.40705372e-06      
2729  | 1.17388762e+09  | 1.36159699e-06      
2730  | 1.17665887e+09  | 1.42261776e-06      
2731  | 1.17781173e+09  | 1.50073652e-06      
2732  | 1.17985410e+09  | 1.42602800e-06      
2733  | 1.18156080e+09  | 8.61429388e-07      
2734  | 1.18196941e+09  | 1.42334699e-06      
2735  | 1.18443006e+09  | 1.56398039e-06      
2736  | 1.18506472e+09  | 1.18773901e-06      
2737  | 1.18596390e+09  | 1.53499377e-06      
2738  | 1.18720088e+09  | 1.04637803e-06      
2739  | 1.18940767e+09  | 1.67282400e-06      
2746  | 1.20222311e+09  | 1.37957859e-06      
2747  | 1.20427231e+09  | 1.47713345e-06      
2748  | 1.20469483e+09  | 1.37629660e-06      
2749  | 1.20649383e+09  | 1.28427183e-06      
2750  | 1.20946729e+09  | 1.47046314e-06      
2751  | 1.21184107e+09  | 1.33939860e-06      
2752  | 1.21557669e+09  | 1.44486832e-06      
2753  | 1.21730424e+09  | 1.38943181e-06      
2754  | 1.21960091e+09  | 1.63270366e-06      
2755  | 1.22127697e+09  | 1.57998927e-06      
2756  | 1.22555753e+09  | 1.47989096e-06      
2757  | 1.22728567e+09  | 1.47092255e-06      
2758  | 1.22783446e+09  | 1.52677881e-06      
2759  | 1.22848611e+09  | 1.60942892e-06      
2766  | 1.24644566e+09  | 1.49790795e-06      
2767  | 1.24755961e+09  | 1.53014227e-06      
2768  | 1.24878607e+09  | 1.42660996e-06      
2769  | 1.24994632e+09  | 1.38980695e-06      
2770  | 1.25079900e+09  | 1.45661271e-06      
2771  | 1.25373001e+09  | 1.29028920e-06      
2772  | 1.25458538e+09  | 1.45169631e-06      
2773  | 1.25559242e+09  | 1.45634340e-06      
2774  | 1.25762349e+09  | 1.51410052e-06      
2775  | 1.26030834e+09  | 1.37379168e-06      
2776  | 1.26273831e+09  | 1.44748893e-06      
2777  | 1.26410771e+09  | 1.46867558e-06      
2778  | 1.26688322e+09  | 1.39240976e-06      
2779  | 1.26791679e+09  | 1.13226050e-06      
2786  | 1.28440872e+09  | 1.24598459e-06      
2787  | 1.28565014e+09  | 1.45501660e-06      
2788  | 1.28847862e+09  | 1.49635904e-06      
2789  | 1.28934033e+09  | 1.18887673e-06      
2790  | 1.29098080e+09  | 1.45006474e-06      
2791  | 1.29271621e+09  | 1.39848907e-06      
2792  | 1.29482661e+09  | 1.52694426e-06      
2793  | 1.29710138e+09  | 1.43278197e-06      
2794  | 1.30062251e+09  | 1.51867730e-06      
2795  | 1.30122533e+09  | 1.39005209e-06      
2796  | 1.30354201e+09  | 1.45754077e-06      
2797  | 1.30485575e+09  | 1.45129600e-06      
2798  | 1.30807365e+09  | 1.50599152e-06      
2799  | 1.31003356e+09  | 1.25482581e-06      
2806  | 1.32352715e+09  | 1.48470988e-06      
2807  | 1.32477586e+09  | 1.38591042e-06      
2808  | 1.32609946e+09  | 1.33675297e-06      
2809  | 1.32925208e+09  | 1.51153365e-06      
2810  | 1.33307123e+09  | 1.47185770e-06      
2811  | 1.33539794e+09  | 1.48411795e-06      
2812  | 1.33686222e+09  | 1.53755078e-06      
2813  | 1.33837818e+09  | 1.53554313e-06      
2814  | 1.34058396e+09  | 1.48337160e-06      
2815  | 1.34363869e+09  | 1.30833752e-06      
2816  | 1.34667717e+09  | 1.43784279e-06      
2817  | 1.34883953e+09  | 1.44795571e-06      
2818  | 1.35078899e+09  | 1.49236907e-06      
2819  | 1.35271489e+09  | 1.50898426e-06      
2826  | 1.37437281e+09  | 1.45745719e-06      
2827  | 1.37913225e+09  | 1.53330666e-06      
2828  | 1.38200215e+09  | 1.44643160e-06      
2829  | 1.38468203e+09  | 1.35968691e-06      
2830  | 1.38670366e+09  | 1.53446460e-06      
2831  | 1.38971764e+09  | 1.48244785e-06      
2832  | 1.39349933e+09  | 1.57335746e-06      
2833  | 1.39464518e+09  | 1.45102668e-06      
2834  | 1.39640025e+09  | 1.43250376e-06      
2835  | 1.39712157e+09  | 1.31974353e-06      
2836  | 1.40216511e+09  | 1.47277462e-06      
2837  | 1.40520780e+09  | 1.41983334e-06      
2838  | 1.40752161e+09  | 1.46948236e-06      
2839  | 1.41093277e+09  | 1.50848784e-06      
2846  | 1.43079825e+09  | 1.44677905e-06      
2847  | 1.43243914e+09  | 1.43442369e-06      
2848  | 1.43349035e+09  | 1.44622517e-06      
2849  | 1.43512922e+09  | 1.53569616e-06      
2850  | 1.43801980e+09  | 1.51978126e-06      
2851  | 1.44004134e+09  | 1.49352389e-06      
2852  | 1.44289317e+09  | 1.49938258e-06      
2853  | 1.44659027e+09  | 1.47258307e-06      
2854  | 1.45436983e+09  | 1.47386500e-06      
2855  | 1.45694866e+09  | 1.40794850e-06      
2856  | 1.45875671e+09  | 1.58494848e-06      
2857  | 1.46049417e+09  | 1.52752139e-06      
2858  | 1.46610543e+09  | 1.50774270e-06      
2859  | 1.46868648e+09  | 1.51638629e-06      
2866  | 1.48476548e+09  | 1.58425014e-06      
2867  | 1.48784300e+09  | 1.59312070e-06      
2868  | 1.49064922e+09  | 1.61462032e-06      
2869  | 1.49485281e+09  | 1.56590757e-06      
2870  | 1.49694146e+09  | 1.48173591e-06      
2871  | 1.49707156e+09  | 1.49845229e-06      
2872  | 1.50028622e+09  | 1.52685202e-06      
2873  | 1.50186997e+09  | 1.55204020e-06      
2874  | 1.50338114e+09  | 1.49435873e-06      
2875  | 1.50579253e+09  | 1.59546208e-06      
2876  | 1.50940188e+09  | 1.42046973e-06      
2877  | 1.51428441e+09  | 1.42430501e-06      
2878  | 1.51789022e+09  | 1.29855883e-06      
2879  | 1.52017587e+09  | 1.41111624e-06      
2886  | 1.53542566e+09  | 1.46849036e-06      
2887  | 1.53693918e+09  | 1.50658306e-06      
2888  | 1.53814612e+09  | 1.40364653e-06      
2889  | 1.54158160e+09  | 1.53646060e-06      
2890  | 1.54359639e+09  | 1.50492326e-06      
2891  | 1.54745775e+09  | 1.62887672e-06      
2892  | 1.54928672e+09  | 1.54253462e-06      
2893  | 1.55229570e+09  | 1.51053653e-06      
2894  | 1.55395821e+09  | 1.48173411e-06      
2895  | 1.55725312e+09  | 1.49770509e-06      
2896  | 1.56054980e+09  | 1.47772865e-06      
2897  | 1.56460673e+09  | 1.34524511e-06      
2898  | 1.57242322e+09  | 1.46952202e-06      
2899  | 1.57295875e+09  | 1.39857340e-06      
2906  | 1.58969090e+09  | 1.25273699e-06      
2907  | 1.59136232e+09  | 1.11426190e-06      
2908  | 1.59183355e+09  | 1.29467788e-06      
2909  | 1.59414987e+09  | 1.27384933e-06      
2910  | 1.59458791e+09  | 1.35301414e-06      
2911  | 1.59918809e+09  | 1.34697714e-06      
2912  | 1.60159757e+09  | 1.42938756e-06      
2913  | 1.60269074e+09  | 1.23471784e-06      
2914  | 1.60672266e+09  | 1.30990821e-06      
2915  | 1.60748578e+09  | 9.67123993e-07      
2916  | 1.60836193e+09  | 7.51474331e-07      
2917  | 1.60923458e+09  | 9.04170721e-07      
2918  | 1.61185829e+09  | 1.15899140e-06      
2919  | 1.61391210e+09  | 1.17229729e-06      
2926  | 1.62701645e+09  | 1.40823996e-06      
2927  | 1.63080980e+09  | 1.31969793e-06      
2928  | 1.63128945e+09  | 1.43509505e-06      
2929  | 1.63536037e+09  | 1.44883422e-06      
2930  | 1.63727951e+09  | 1.52733780e-06      
2931  | 1.63924622e+09  | 1.47411657e-06      
2932  | 1.64195521e+09  | 1.45567764e-06      
2933  | 1.64691794e+09  | 1.45280558e-06      
2934  | 1.65104916e+09  | 1.38365790e-06      
2935  | 1.65465093e+09  | 1.47859386e-06      
2936  | 1.65518562e+09  | 1.44783585e-06      
2937  | 1.65722926e+09  | 1.44441898e-06      
2938  | 1.65903823e+09  | 1.39223093e-06      
2939  | 1.66307447e+09  | 1.35923818e-06      
2946  | 1.68652373e+09  | 1.44825062e-06      
2947  | 1.68836632e+09  | 1.32259203e-06      
2948  | 1.68903485e+09  | 1.26108353e-06      
2949  | 1.69210012e+09  | 1.32672834e-06      
2950  | 1.69858909e+09  | 1.42737357e-06      
2951  | 1.70045114e+09  | 1.40773435e-06      
2952  | 1.70568206e+09  | 1.23074592e-06      
2953  | 1.70828774e+09  | 1.18152608e-06      
2954  | 1.71066723e+09  | 1.35712271e-06      
2955  | 1.71611122e+09  | 1.49748678e-06      
2956  | 1.72112656e+09  | 1.34223201e-06      
2957  | 1.72358048e+09  | 1.21614663e-06      
2958  | 1.72784844e+09  | 1.36990198e-06      
2959  | 1.73098345e+09  | 1.43949782e-06      
2966  | 1.75765703e+09  | 1.41263651e-06      
2967  | 1.76000920e+09  | 1.40683305e-06      
2968  | 1.76328659e+09  | 1.40718459e-06      
2969  | 1.76638322e+09  | 1.51256358e-06      
2970  | 1.77041871e+09  | 1.48012583e-06      
2971  | 1.77562849e+09  | 1.44802218e-06      
2972  | 1.77950240e+09  | 1.36046581e-06      
2973  | 1.78218043e+09  | 1.29522394e-06      
2974  | 1.78566059e+09  | 1.45358272e-06      
2975  | 1.79112061e+09  | 1.50649257e-06      
2976  | 1.79359554e+09  | 1.38198787e-06      
2977  | 1.79569213e+09  | 1.37427044e-06      
2978  | 1.79642382e+09  | 1.48709612e-06      
2979  | 1.80571438e+09  | 1.37113093e-06      
2986  | 1.82711111e+09  | 1.37763166e-06      
2987  | 1.82840807e+09  | 1.47708999e-06      
2988  | 1.83274991e+09  | 1.41954302e-06      
2989  | 1.84097723e+09  | 1.54087444e-06      
2990  | 1.84164954e+09  | 1.34959174e-06      
2991  | 1.84694449e+09  | 1.61265777e-06      
2992  | 1.84946431e+09  | 1.48561548e-06      
2993  | 1.85549279e+09  | 1.56420532e-06      
2994  | 1.85805481e+09  | 1.40036236e-06      
2995  | 1.86235577e+09  | 1.51431278e-06      
2996  | 1.86967094e+09  | 1.36121266e-06      
2997  | 1.87465268e+09  | 1.34178750e-06      
2998  | 1.87681680e+09  | 1.44231175e-06      
2999  | 1.87953822e+09  | 1.51469611e-06      
