Index | Lambda          | RelErr(|Kx|)    | RelErr(|L*Mx|)
---------------------------------------------------------
6     | 3.80564867e+03  | 2.39221767e-02      
7     | 4.23101573e+03  | 1.96820141e-02      
8     | 3.02657413e+04  | 2.60459029e-02      
9     | 3.50526850e+04  | 2.27515533e-02      
10    | 6.56481902e+04  | 1.79611927e-02      
11    | 8.93223090e+04  | 1.64822377e-02      
12    | 9.38390741e+04  | 1.97968094e-02      
13    | 1.07337873e+05  | 1.50660059e-02      
14    | 1.12935608e+05  | 1.21372937e-02      
15    | 1.18967813e+05  | 1.97697031e-02      
16    | 1.22651903e+05  | 1.54533676e-02      
17    | 1.79047113e+05  | 1.12688043e-02      
18    | 1.82572571e+05  | 1.78444447e-02      
19    | 1.89668065e+05  | 1.44643189e-02      
26    | 3.21266038e+05  | 2.49698064e-02      
27    | 3.46137045e+05  | 1.19586801e-02      
28    | 3.53988289e+05  | 3.44093289e-02      
29    | 4.28117961e+05  | 5.71982178e-02      
30    | 4.33281347e+05  | 4.47224483e-02      
31    | 4.52467887e+05  | 1.31130958e-02      
32    | 4.75698607e+05  | 2.28187347e-02      
33    | 6.08309368e+05  | 1.81577151e-02      
34    | 6.16004098e+05  | 1.36026623e-02      
35    | 6.20139647e+05  | 1.65305718e-02      
36    | 6.26246344e+05  | 1.17284864e-02      
37    | 6.74643671e+05  | 1.63921283e-02      
38    | 6.86613659e+05  | 1.46030144e-02      
39    | 7.30875921e+05  | 1.07885451e-02      
46    | 8.39392724e+05  | 1.20611489e-02      
47    | 8.59332493e+05  | 1.45846143e-02      
48    | 8.74906441e+05  | 1.36588868e-02      
49    | 9.06058651e+05  | 1.02989461e-02      
50    | 9.18831251e+05  | 1.29636395e-02      
51    | 9.49304968e+05  | 1.03593182e-02      
52    | 9.52869679e+05  | 8.40846084e-03      
53    | 1.02726061e+06  | 1.11430362e-02      
54    | 1.03448940e+06  | 7.26817279e-03      
55    | 1.04690588e+06  | 6.14669632e-03      
56    | 1.06254590e+06  | 6.26950610e-03      
57    | 1.10550287e+06  | 7.09022627e-03      
58    | 1.16710245e+06  | 6.81610877e-03      
59    | 1.29403083e+06  | 6.12782784e-03      
66    | 1.64074490e+06  | 4.28363364e-03      
67    | 1.73918786e+06  | 4.86454165e-03      
68    | 1.75557544e+06  | 4.21233610e-03      
69    | 1.81231852e+06  | 4.80469634e-03      
70    | 1.82850398e+06  | 2.52556247e-03      
71    | 1.89177993e+06  | 2.54687236e-03      
72    | 1.89646908e+06  | 3.90897249e-03      
73    | 1.90229352e+06  | 4.00570070e-03      
74    | 1.93735179e+06  | 3.19130613e-03      
75    | 1.95922491e+06  | 3.00529607e-03      
76    | 1.98007455e+06  | 3.32569516e-03      
77    | 1.99088219e+06  | 2.76362664e-03      
78    | 2.07033012e+06  | 5.13938781e-03      
79    | 2.09808277e+06  | 5.12212010e-03      
86    | 2.43840831e+06  | 4.15702992e-03      
87    | 2.45507070e+06  | 3.15686066e-03      
88    | 2.46461384e+06  | 4.56634231e-03      
89    | 2.49408275e+06  | 3.18618844e-03      
90    | 2.54126760e+06  | 3.25092535e-03      
91    | 2.54955990e+06  | 3.70180209e-03      
92    | 2.56108344e+06  | 3.14269002e-03      
93    | 2.56835954e+06  | 3.13561312e-03      
94    | 2.62910959e+06  | 4.01985582e-03      
95    | 2.68324673e+06  | 4.17537354e-03      
96    | 2.73070385e+06  | 5.30581943e-03      
97    | 2.76281227e+06  | 2.67763451e-03      
98    | 2.77641935e+06  | 3.38460783e-03      
99    | 2.78136868e+06  | 4.20513248e-03      
106   | 3.04746908e+06  | 4.42019258e-03      
107   | 3.07571973e+06  | 3.27792375e-03      
108   | 3.07763247e+06  | 3.24854087e-03      
109   | 3.10785205e+06  | 3.73202296e-03      
110   | 3.13262027e+06  | 3.27293209e-03      
111   | 3.21637608e+06  | 1.94717088e-03      
112   | 3.22950526e+06  | 1.81714287e-03      
113   | 3.25223994e+06  | 2.97724912e-03      
114   | 3.27451608e+06  | 2.59544569e-03      
115   | 3.29345463e+06  | 3.35252135e-03      
116   | 3.35279043e+06  | 3.68208375e-03      
117   | 3.38945335e+06  | 3.24314682e-03      
118   | 3.41084545e+06  | 2.50117792e-03      
119   | 3.41604274e+06  | 2.38649795e-03      
126   | 3.79379899e+06  | 9.05928320e-04      
127   | 3.81647227e+06  | 2.97134320e-03      
128   | 3.81858279e+06  | 1.74516386e-03      
129   | 3.85142228e+06  | 3.84330027e-03      
130   | 3.86470894e+06  | 2.45288297e-03      
131   | 3.87556723e+06  | 1.84802804e-03      
132   | 3.92208678e+06  | 2.49777949e-03      
133   | 3.95658977e+06  | 2.63842787e-03      
134   | 4.04050147e+06  | 2.11891559e-03      
135   | 4.08795033e+06  | 2.14481142e-03      
136   | 4.09856417e+06  | 2.31321179e-03      
137   | 4.11017700e+06  | 2.06770300e-03      
138   | 4.12874269e+06  | 1.38215973e-03      
139   | 4.12945386e+06  | 1.36138012e-03      
146   | 4.45806626e+06  | 1.78035900e-03      
147   | 4.49283999e+06  | 2.45672775e-03      
148   | 4.50931746e+06  | 1.76347693e-03      
149   | 4.57576351e+06  | 1.67669775e-03      
150   | 4.62283495e+06  | 2.03016354e-03      
151   | 4.68762630e+06  | 2.76277579e-03      
152   | 4.72045854e+06  | 2.29424382e-03      
153   | 4.76158854e+06  | 6.37020473e-03      
154   | 4.89258451e+06  | 1.36250432e-03      
155   | 4.97329273e+06  | 1.61240736e-03      
156   | 5.01213520e+06  | 2.32473808e-03      
157   | 5.03406893e+06  | 1.95185769e-03      
158   | 5.05672421e+06  | 1.90642877e-03      
159   | 5.10203607e+06  | 1.34053378e-03      
166   | 5.52169221e+06  | 1.25736938e-03      
167   | 5.56524219e+06  | 1.75645974e-03      
168   | 5.57124218e+06  | 1.43275859e-03      
169   | 5.59689553e+06  | 1.66047338e-03      
170   | 5.61857011e+06  | 1.93510631e-03      
171   | 5.63480502e+06  | 2.32054487e-03      
172   | 5.90153272e+06  | 1.96632136e-03      
173   | 5.97542077e+06  | 1.71369404e-03      
174   | 5.98953400e+06  | 1.44830288e-03      
175   | 6.01840587e+06  | 1.44625521e-03      
176   | 6.09380536e+06  | 1.51909395e-03      
177   | 6.12982021e+06  | 1.20903617e-03      
178   | 6.16946271e+06  | 1.50282008e-03      
179   | 6.23244168e+06  | 1.23537723e-03      
186   | 6.59261032e+06  | 1.24727725e-03      
187   | 6.60090978e+06  | 1.37586167e-03      
188   | 6.68024567e+06  | 1.34283493e-03      
189   | 6.73285136e+06  | 1.97322809e-03      
190   | 6.76036901e+06  | 1.80357899e-03      
191   | 6.76786392e+06  | 2.07041421e-03      
192   | 6.81251839e+06  | 1.20586434e-03      
193   | 6.84438866e+06  | 1.25750607e-03      
194   | 6.87005499e+06  | 7.01288809e-04      
195   | 6.87236748e+06  | 1.07028641e-03      
196   | 6.93413165e+06  | 1.19787279e-03      
197   | 6.97680620e+06  | 9.94926608e-04      
198   | 7.00544907e+06  | 1.39101602e-03      
199   | 7.05600103e+06  | 1.09790885e-03      
206   | 7.22243578e+06  | 1.17777266e-03      
207   | 7.29625852e+06  | 1.67620857e-03      
208   | 7.31755663e+06  | 1.16368511e-03      
209   | 7.32844126e+06  | 1.08192126e-03      
210   | 7.34739425e+06  | 1.07484849e-03      
211   | 7.45093991e+06  | 1.35207294e-03      
212   | 7.49283061e+06  | 1.04021176e-03      
213   | 7.51130480e+06  | 1.35085717e-03      
214   | 7.52151570e+06  | 1.20426232e-03      
215   | 7.55105548e+06  | 9.53873987e-04      
216   | 7.56055730e+06  | 1.08617667e-03      
217   | 7.63203075e+06  | 1.38190899e-03      
218   | 7.66554988e+06  | 1.23128823e-03      
219   | 7.72594903e+06  | 1.03575463e-03      
226   | 8.22180306e+06  | 1.15542309e-03      
227   | 8.27460620e+06  | 1.06915706e-03      
228   | 8.36310275e+06  | 1.00485096e-03      
229   | 8.37634118e+06  | 9.61312541e-04      
230   | 8.41745236e+06  | 9.31319168e-04      
231   | 8.46028207e+06  | 8.40472608e-04      
232   | 8.51135011e+06  | 8.42507154e-04      
233   | 8.55716673e+06  | 1.09493418e-03      
234   | 8.56707371e+06  | 1.08437587e-03      
235   | 8.63536812e+06  | 9.02911517e-04      
236   | 8.79620515e+06  | 1.18484185e-03      
237   | 8.83731016e+06  | 1.03879759e-03      
238   | 8.84084307e+06  | 9.75592891e-04      
239   | 8.86446297e+06  | 9.17046693e-04      
246   | 9.20453196e+06  | 1.02380577e-03      
247   | 9.31788266e+06  | 9.32016254e-04      
248   | 9.44475321e+06  | 7.45695546e-04      
249   | 9.46433668e+06  | 6.88013092e-04      
250   | 9.48478479e+06  | 8.36794500e-04      
251   | 9.53401172e+06  | 9.34048233e-04      
252   | 9.53852488e+06  | 6.16616809e-04      
253   | 9.58941267e+06  | 7.57267423e-04      
254   | 9.65435690e+06  | 8.20571759e-04      
255   | 9.68591805e+06  | 7.22397136e-04      
256   | 9.71711089e+06  | 7.11731758e-04      
257   | 9.78696695e+06  | 8.72301900e-04      
258   | 9.87586498e+06  | 9.68226384e-04      
259   | 9.89495214e+06  | 8.07654109e-04      
266   | 1.03276338e+07  | 7.22783254e-04      
267   | 1.03964010e+07  | 1.16942511e-03      
268   | 1.03994550e+07  | 7.69085434e-04      
269   | 1.04634649e+07  | 7.86579174e-04      
270   | 1.04828450e+07  | 7.50782949e-04      
271   | 1.05232071e+07  | 8.57220223e-04      
272   | 1.05782442e+07  | 7.58206262e-04      
273   | 1.05967408e+07  | 7.06081003e-04      
274   | 1.06607837e+07  | 8.09477826e-04      
275   | 1.07085683e+07  | 6.29494947e-04      
276   | 1.07481856e+07  | 6.58528927e-04      
277   | 1.07790612e+07  | 7.43332085e-04      
278   | 1.08029471e+07  | 7.22168432e-04      
279   | 1.08348003e+07  | 6.41751528e-04      
286   | 1.11131216e+07  | 8.02800935e-04      
287   | 1.12291923e+07  | 6.41281092e-04      
288   | 1.12601162e+07  | 6.90773803e-04      
289   | 1.12924270e+07  | 6.38633346e-04      
290   | 1.13581054e+07  | 6.23480074e-04      
291   | 1.13858977e+07  | 6.00674285e-04      
292   | 1.14291165e+07  | 5.94228342e-04      
293   | 1.14812815e+07  | 6.30079364e-04      
294   | 1.16158685e+07  | 7.73511393e-04      
295   | 1.18181975e+07  | 8.45207774e-04      
296   | 1.18320329e+07  | 5.84293824e-04      
297   | 1.18919474e+07  | 7.17222214e-04      
298   | 1.18960073e+07  | 7.58390196e-04      
299   | 1.19434400e+07  | 6.51215773e-04      
306   | 1.23360211e+07  | 7.39815507e-04      
307   | 1.24393727e+07  | 6.48304745e-04      
308   | 1.24746600e+07  | 5.70201564e-04      
309   | 1.25191734e+07  | 4.68564595e-04      
310   | 1.26052868e+07  | 5.70138713e-04      
311   | 1.26935423e+07  | 6.14228103e-04      
312   | 1.27653173e+07  | 7.86477709e-04      
313   | 1.27717859e+07  | 6.06349712e-04      
314   | 1.28125855e+07  | 8.06731859e-04      
315   | 1.28576550e+07  | 5.66835686e-04      
316   | 1.28810900e+07  | 5.56223615e-04      
317   | 1.29648367e+07  | 5.91029154e-04      
318   | 1.29916606e+07  | 6.22176644e-04      
319   | 1.30623584e+07  | 5.86581092e-04      
326   | 1.33146396e+07  | 6.29720919e-04      
327   | 1.33820063e+07  | 6.83748617e-04      
328   | 1.34257938e+07  | 5.71737525e-04      
329   | 1.34630959e+07  | 7.12670835e-04      
330   | 1.35202656e+07  | 5.32640664e-04      
331   | 1.35716158e+07  | 6.73399715e-04      
332   | 1.35966842e+07  | 5.20631212e-04      
333   | 1.36237937e+07  | 6.38719466e-04      
334   | 1.36917973e+07  | 7.35866218e-04      
335   | 1.38207023e+07  | 6.33640033e-04      
336   | 1.38249071e+07  | 6.35988403e-04      
337   | 1.38596644e+07  | 5.93102513e-04      
338   | 1.38724846e+07  | 6.76148842e-04      
339   | 1.39578515e+07  | 5.32700600e-04      
346   | 1.42328143e+07  | 5.26641132e-04      
347   | 1.43439875e+07  | 6.35797127e-04      
348   | 1.43583580e+07  | 4.82395222e-04      
349   | 1.43991286e+07  | 4.98225491e-04      
350   | 1.44264865e+07  | 5.28076701e-04      
351   | 1.45129812e+07  | 5.46867564e-04      
352   | 1.45936673e+07  | 5.40790057e-04      
353   | 1.46574213e+07  | 5.78729322e-04      
354   | 1.46902962e+07  | 5.06257073e-04      
355   | 1.47088932e+07  | 5.01165125e-04      
356   | 1.47416845e+07  | 5.55815542e-04      
357   | 1.47944605e+07  | 5.22223739e-04      
358   | 1.48698267e+07  | 6.49993987e-04      
359   | 1.48873696e+07  | 4.73289389e-04      
366   | 1.51470003e+07  | 4.28903487e-04      
367   | 1.52131319e+07  | 4.28448689e-04      
368   | 1.53173851e+07  | 3.96215952e-04      
369   | 1.53909676e+07  | 5.48872638e-04      
370   | 1.55049123e+07  | 4.91296066e-04      
371   | 1.55583982e+07  | 6.43059250e-04      
372   | 1.55739458e+07  | 5.27417930e-04      
373   | 1.56092802e+07  | 5.02332401e-04      
374   | 1.56190944e+07  | 5.66266435e-04      
375   | 1.57134539e+07  | 5.68440412e-04      
376   | 1.58074011e+07  | 4.93985114e-04      
377   | 1.58342874e+07  | 5.11016536e-04      
378   | 1.58654471e+07  | 5.63382278e-04      
379   | 1.59462776e+07  | 4.75124526e-04      
386   | 1.62641369e+07  | 4.15628618e-04      
387   | 1.62995600e+07  | 3.88306273e-04      
388   | 1.63535013e+07  | 4.67877641e-04      
389   | 1.65628858e+07  | 4.57024375e-04      
390   | 1.66306588e+07  | 4.69369912e-04      
391   | 1.66538110e+07  | 4.25965290e-04      
392   | 1.66970253e+07  | 4.47898249e-04      
393   | 1.67197326e+07  | 4.32004156e-04      
394   | 1.67464073e+07  | 5.27211002e-04      
395   | 1.67849326e+07  | 4.70424118e-04      
396   | 1.67984506e+07  | 5.09676319e-04      
397   | 1.68393218e+07  | 5.18954062e-04      
398   | 1.68849263e+07  | 3.94757644e-04      
399   | 1.69025426e+07  | 4.88031813e-04      
406   | 1.72781685e+07  | 4.70349969e-04      
407   | 1.72942914e+07  | 4.60447100e-04      
408   | 1.73925253e+07  | 4.75099682e-04      
409   | 1.74839033e+07  | 4.67005833e-04      
410   | 1.75362399e+07  | 5.45630173e-04      
411   | 1.76270547e+07  | 4.52709503e-04      
412   | 1.77018347e+07  | 5.22531045e-04      
413   | 1.77100585e+07  | 4.16648024e-04      
414   | 1.77170215e+07  | 4.48542343e-04      
415   | 1.78029196e+07  | 3.89034771e-04      
416   | 1.78296961e+07  | 4.26736587e-04      
417   | 1.78504543e+07  | 4.10717109e-04      
418   | 1.78829429e+07  | 3.19693310e-04      
419   | 1.79112827e+07  | 3.76392832e-04      
426   | 1.82829146e+07  | 3.81715764e-04      
427   | 1.83012210e+07  | 4.23171653e-04      
428   | 1.83313073e+07  | 3.22461617e-04      
429   | 1.83846778e+07  | 4.45007144e-04      
430   | 1.84835033e+07  | 4.27829980e-04      
431   | 1.85163184e+07  | 4.07456467e-04      
432   | 1.85758989e+07  | 3.57010763e-04      
433   | 1.86147521e+07  | 4.57946098e-04      
434   | 1.86557839e+07  | 4.98063662e-04      
435   | 1.87425325e+07  | 4.42451002e-04      
436   | 1.89434639e+07  | 4.87621170e-04      
437   | 1.90686939e+07  | 5.12094610e-04      
438   | 1.91042187e+07  | 4.73254931e-04      
439   | 1.91254322e+07  | 4.13087902e-04      
446   | 1.94758918e+07  | 3.64221230e-04      
447   | 1.95788622e+07  | 3.52318677e-04      
448   | 1.96341086e+07  | 4.08234218e-04      
449   | 1.96892067e+07  | 4.52856960e-04      
450   | 1.97017509e+07  | 4.31422726e-04      
451   | 1.97701243e+07  | 3.63261245e-04      
452   | 1.97926265e+07  | 3.90331570e-04      
453   | 1.98464653e+07  | 3.81340929e-04      
454   | 1.98780122e+07  | 4.46725511e-04      
455   | 1.99164964e+07  | 2.48470950e-04      
456   | 1.99676535e+07  | 3.93395651e-04      
457   | 2.00076669e+07  | 4.25847797e-04      
458   | 2.00506899e+07  | 4.19994156e-04      
459   | 2.00539846e+07  | 4.06289125e-04      
466   | 2.05987229e+07  | 3.49381992e-04      
467   | 2.06200564e+07  | 3.40105289e-04      
468   | 2.06313545e+07  | 3.12515980e-04      
469   | 2.06591487e+07  | 4.13854394e-04      
470   | 2.07360819e+07  | 4.17991416e-04      
471   | 2.07919352e+07  | 3.91265195e-04      
472   | 2.08212700e+07  | 3.89452755e-04      
473   | 2.08409235e+07  | 3.63945215e-04      
474   | 2.09387675e+07  | 3.73923859e-04      
475   | 2.10001912e+07  | 4.10355028e-04      
476   | 2.10287814e+07  | 3.55473809e-04      
477   | 2.10598669e+07  | 3.58848210e-04      
478   | 2.10759572e+07  | 3.90687046e-04      
479   | 2.11942776e+07  | 3.65615043e-04      
486   | 2.14287767e+07  | 3.54842503e-04      
487   | 2.15354233e+07  | 3.59517625e-04      
488   | 2.15837864e+07  | 3.57994101e-04      
489   | 2.16467240e+07  | 3.36004358e-04      
490   | 2.17260131e+07  | 3.36189546e-04      
491   | 2.17869665e+07  | 3.63593908e-04      
492   | 2.18894474e+07  | 4.42295181e-04      
493   | 2.19093877e+07  | 2.84591349e-04      
494   | 2.19425286e+07  | 3.29057410e-04      
495   | 2.20834521e+07  | 3.60558502e-04      
496   | 2.21822137e+07  | 3.62193170e-04      
497   | 2.22470770e+07  | 3.62604153e-04      
498   | 2.22848252e+07  | 3.67601095e-04      
499   | 2.23520516e+07  | 4.11494050e-04      
506   | 2.26356118e+07  | 4.21602516e-04      
507   | 2.27053150e+07  | 3.51941633e-04      
508   | 2.27540577e+07  | 3.55478063e-04      
509   | 2.27589906e+07  | 2.41614323e-04      
510   | 2.28808940e+07  | 3.45638847e-04      
511   | 2.29488283e+07  | 3.69384781e-04      
512   | 2.30000840e+07  | 3.23104495e-04      
513   | 2.30086610e+07  | 3.34102613e-04      
514   | 2.30528299e+07  | 3.06440911e-04      
515   | 2.31046893e+07  | 3.31637034e-04      
516   | 2.31400929e+07  | 3.54075867e-04      
517   | 2.31800509e+07  | 3.41526506e-04      
518   | 2.32065993e+07  | 3.22564480e-04      
519   | 2.32433157e+07  | 3.86529314e-04      
526   | 2.37695384e+07  | 3.29150242e-04      
527   | 2.38078391e+07  | 3.44465571e-04      
528   | 2.38189805e+07  | 3.23104095e-04      
529   | 2.39475803e+07  | 3.47348588e-04      
530   | 2.39853815e+07  | 3.55003949e-04      
531   | 2.40688526e+07  | 3.39368905e-04      
532   | 2.41343845e+07  | 3.36515400e-04      
533   | 2.41569363e+07  | 3.50519001e-04      
534   | 2.41670912e+07  | 3.45030509e-04      
535   | 2.42257443e+07  | 3.43393529e-04      
536   | 2.42556829e+07  | 3.47020120e-04      
537   | 2.43335207e+07  | 2.91330007e-04      
538   | 2.43573690e+07  | 3.26686161e-04      
539   | 2.44206091e+07  | 3.65369055e-04      
546   | 2.47378745e+07  | 3.38542437e-04      
547   | 2.48649376e+07  | 2.65771284e-04      
548   | 2.48912102e+07  | 3.40848146e-04      
549   | 2.49427174e+07  | 3.20696605e-04      
550   | 2.49900866e+07  | 3.15391621e-04      
551   | 2.50437467e+07  | 3.14580980e-04      
552   | 2.51170840e+07  | 3.29689538e-04      
553   | 2.51384227e+07  | 3.28550217e-04      
554   | 2.51886712e+07  | 3.06487392e-04      
555   | 2.52154502e+07  | 3.21988440e-04      
556   | 2.52735305e+07  | 3.25337936e-04      
557   | 2.53053631e+07  | 2.82255894e-04      
558   | 2.53139239e+07  | 2.07140988e-04      
559   | 2.54372434e+07  | 3.05014579e-04      
566   | 2.57676386e+07  | 3.39698738e-04      
567   | 2.58266116e+07  | 3.22800809e-04      
568   | 2.58453846e+07  | 3.35912197e-04      
569   | 2.58856236e+07  | 3.05222851e-04      
570   | 2.58903713e+07  | 3.15521619e-04      
571   | 2.59963867e+07  | 3.23942760e-04      
572   | 2.60233934e+07  | 3.15796710e-04      
573   | 2.60854971e+07  | 2.79624154e-04      
574   | 2.61227925e+07  | 3.04008426e-04      
575   | 2.61577423e+07  | 2.92699437e-04      
576   | 2.61829605e+07  | 2.97606381e-04      
577   | 2.62403317e+07  | 2.97880057e-04      
578   | 2.62973392e+07  | 3.07176051e-04      
579   | 2.63164206e+07  | 2.98040581e-04      
586   | 2.67769507e+07  | 2.92287154e-04      
587   | 2.68127933e+07  | 2.74887314e-04      
588   | 2.68344925e+07  | 2.57257933e-04      
589   | 2.68800700e+07  | 2.76466178e-04      
590   | 2.69085691e+07  | 3.11503934e-04      
591   | 2.70287127e+07  | 3.44961685e-04      
592   | 2.71058377e+07  | 2.80170929e-04      
593   | 2.71308963e+07  | 2.82514164e-04      
594   | 2.72218396e+07  | 2.08226138e-04      
595   | 2.72395348e+07  | 2.73113218e-04      
596   | 2.73159353e+07  | 2.73881127e-04      
597   | 2.74462084e+07  | 2.82631944e-04      
598   | 2.74895021e+07  | 2.76524761e-04      
599   | 2.75188753e+07  | 2.91833684e-04      
606   | 2.79254287e+07  | 1.97768717e-04      
607   | 2.79579258e+07  | 2.63745123e-04      
608   | 2.79721084e+07  | 1.97563963e-04      
609   | 2.80012534e+07  | 1.80146347e-04      
610   | 2.80154167e+07  | 1.41967976e-04      
611   | 2.80805870e+07  | 1.76747384e-04      
612   | 2.80911814e+07  | 2.50149637e-04      
613   | 2.81773892e+07  | 2.46822047e-04      
614   | 2.81960177e+07  | 2.51670757e-04      
615   | 2.83122364e+07  | 2.63460907e-04      
616   | 2.83235899e+07  | 2.79118285e-04      
617   | 2.83669978e+07  | 2.85069738e-04      
618   | 2.83800585e+07  | 2.44321211e-04      
619   | 2.84216050e+07  | 2.14455473e-04      
626   | 2.88591136e+07  | 2.44416103e-04      
627   | 2.89497174e+07  | 1.78044299e-04      
628   | 2.89806704e+07  | 2.08965612e-04      
629   | 2.90098279e+07  | 2.60918118e-04      
630   | 2.90360225e+07  | 2.76182776e-04      
631   | 2.90587961e+07  | 2.37055072e-04      
632   | 2.90868172e+07  | 2.42325910e-04      
633   | 2.91408549e+07  | 2.15053240e-04      
634   | 2.92644826e+07  | 2.65176109e-04      
635   | 2.92948022e+07  | 2.27121005e-04      
636   | 2.93593512e+07  | 2.42439376e-04      
637   | 2.93898949e+07  | 1.94182134e-04      
638   | 2.94568073e+07  | 2.32619268e-04      
639   | 2.96209454e+07  | 2.58770188e-04      
646   | 2.99853110e+07  | 2.43352042e-04      
647   | 3.00187781e+07  | 2.39169851e-04      
648   | 3.00391602e+07  | 2.03181887e-04      
649   | 3.00785281e+07  | 2.46431537e-04      
650   | 3.01216707e+07  | 1.48753303e-04      
651   | 3.01700962e+07  | 2.09639909e-04      
652   | 3.02139797e+07  | 1.44319019e-04      
653   | 3.02646909e+07  | 1.55791921e-04      
654   | 3.03407175e+07  | 2.20631148e-04      
655   | 3.03768118e+07  | 1.77175438e-04      
656   | 3.04209763e+07  | 1.60699138e-04      
657   | 3.05029623e+07  | 1.58859807e-04      
658   | 3.05557771e+07  | 1.75740472e-04      
659   | 3.05724941e+07  | 2.20033442e-04      
666   | 3.09341589e+07  | 1.78325147e-04      
667   | 3.09971750e+07  | 1.58036289e-04      
668   | 3.10335718e+07  | 2.07693500e-04      
669   | 3.10714532e+07  | 1.52079795e-04      
670   | 3.11210192e+07  | 2.38662469e-04      
671   | 3.11731616e+07  | 2.25165042e-04      
672   | 3.12878494e+07  | 2.00352374e-04      
673   | 3.13615770e+07  | 2.28534415e-04      
674   | 3.13737988e+07  | 2.02765441e-04      
675   | 3.15054639e+07  | 2.27137963e-04      
676   | 3.15631155e+07  | 2.23558267e-04      
677   | 3.15897467e+07  | 2.02660697e-04      
678   | 3.16260365e+07  | 2.29378201e-04      
679   | 3.16816588e+07  | 2.05672829e-04      
686   | 3.20883788e+07  | 1.62467173e-04      
687   | 3.21442590e+07  | 1.96661798e-04      
688   | 3.22055730e+07  | 1.39288328e-04      
689   | 3.22437331e+07  | 2.13132324e-04      
690   | 3.22919870e+07  | 2.05729863e-04      
691   | 3.23097074e+07  | 1.96752627e-04      
692   | 3.24039452e+07  | 2.17217783e-04      
693   | 3.24326083e+07  | 1.65307172e-04      
694   | 3.25166316e+07  | 2.09863962e-04      
695   | 3.25632987e+07  | 2.19358580e-04      
696   | 3.25859392e+07  | 1.50321013e-04      
697   | 3.26461625e+07  | 1.81483327e-04      
698   | 3.27435951e+07  | 2.16387746e-04      
699   | 3.28273914e+07  | 2.25597690e-04      
706   | 3.32756283e+07  | 1.62652811e-04      
707   | 3.33189634e+07  | 2.05877631e-04      
708   | 3.34110023e+07  | 2.16293446e-04      
709   | 3.34570703e+07  | 8.98614092e-05      
710   | 3.34832900e+07  | 2.04238937e-04      
711   | 3.35145396e+07  | 1.78127294e-04      
712   | 3.35497590e+07  | 2.02252255e-04      
713   | 3.36044972e+07  | 2.00758754e-04      
714   | 3.36221140e+07  | 2.12465875e-04      
715   | 3.36591661e+07  | 1.67419642e-04      
716   | 3.37240762e+07  | 1.72627658e-04      
717   | 3.37862573e+07  | 1.17045110e-04      
718   | 3.38855135e+07  | 1.75461493e-04      
719   | 3.39225266e+07  | 1.90477752e-04      
726   | 3.42550393e+07  | 2.00105701e-04      
727   | 3.43642056e+07  | 1.48526403e-04      
728   | 3.44148261e+07  | 9.12824247e-05      
729   | 3.44699087e+07  | 1.62458120e-04      
730   | 3.45235842e+07  | 2.09001585e-04      
731   | 3.46048529e+07  | 2.09840572e-04      
732   | 3.46381516e+07  | 1.89582817e-04      
733   | 3.47120931e+07  | 2.03022721e-04      
734   | 3.47540753e+07  | 1.93846389e-04      
735   | 3.47791593e+07  | 1.38048233e-04      
736   | 3.48675705e+07  | 1.85623779e-04      
737   | 3.49194141e+07  | 1.56890661e-04      
738   | 3.50126049e+07  | 1.67253496e-04      
739   | 3.51404325e+07  | 1.77265223e-04      
746   | 3.54552739e+07  | 1.32946392e-04      
747   | 3.54843225e+07  | 1.07540724e-04      
748   | 3.55624276e+07  | 1.64392933e-04      
749   | 3.56914661e+07  | 1.61276473e-04      
750   | 3.57846357e+07  | 1.80934523e-04      
751   | 3.57992478e+07  | 1.57009358e-04      
752   | 3.58314431e+07  | 1.95581682e-04      
753   | 3.58662658e+07  | 1.30599953e-04      
754   | 3.59221478e+07  | 1.53671610e-04      
755   | 3.59646660e+07  | 1.16858605e-04      
756   | 3.60343490e+07  | 1.50929791e-04      
757   | 3.60703969e+07  | 1.62581245e-04      
758   | 3.60932393e+07  | 1.45500173e-04      
759   | 3.61404950e+07  | 1.39612997e-04      
766   | 3.64458067e+07  | 1.62611616e-04      
767   | 3.64587310e+07  | 1.72435628e-04      
768   | 3.65336611e+07  | 1.99238820e-04      
769   | 3.65847339e+07  | 1.93233991e-04      
770   | 3.66465274e+07  | 1.69926699e-04      
771   | 3.67105382e+07  | 1.92152928e-04      
772   | 3.69208522e+07  | 1.91280426e-04      
773   | 3.69328750e+07  | 1.20530175e-04      
774   | 3.70089736e+07  | 1.75384468e-04      
775   | 3.70784927e+07  | 1.71923917e-04      
776   | 3.71309967e+07  | 1.57708851e-04      
777   | 3.71748671e+07  | 1.83555095e-04      
778   | 3.72492109e+07  | 1.91023003e-04      
779   | 3.72993019e+07  | 1.71717324e-04      
786   | 3.77154986e+07  | 1.70437662e-04      
787   | 3.78517551e+07  | 1.90502829e-04      
788   | 3.78584541e+07  | 1.69185064e-04      
789   | 3.79362876e+07  | 1.13268915e-04      
790   | 3.79640894e+07  | 1.40561859e-04      
791   | 3.80556031e+07  | 8.88506925e-05      
792   | 3.81544624e+07  | 1.46095593e-04      
793   | 3.82457780e+07  | 1.49766938e-04      
794   | 3.82746439e+07  | 1.31437050e-04      
795   | 3.83174674e+07  | 1.88203636e-04      
796   | 3.83576773e+07  | 1.45857194e-04      
797   | 3.83973725e+07  | 1.51448023e-04      
798   | 3.84476752e+07  | 1.65591586e-04      
799   | 3.85360254e+07  | 1.72775496e-04      
806   | 3.89505766e+07  | 1.39667203e-04      
807   | 3.89787725e+07  | 1.42244993e-04      
808   | 3.90663765e+07  | 1.91003247e-04      
809   | 3.91163073e+07  | 1.46858432e-04      
810   | 3.91803974e+07  | 1.62874002e-04      
811   | 3.92863817e+07  | 1.26299244e-04      
812   | 3.93051392e+07  | 1.34063439e-04      
813   | 3.93534158e+07  | 1.42550277e-04      
814   | 3.95434772e+07  | 1.96930460e-04      
815   | 3.96456046e+07  | 1.87754866e-04      
816   | 3.97278338e+07  | 1.50680734e-04      
817   | 3.97842229e+07  | 2.31493690e-04      
818   | 3.98165815e+07  | 2.35919579e-04      
819   | 3.98951800e+07  | 2.01628058e-04      
826   | 4.02758985e+07  | 1.78202842e-04      
827   | 4.03263651e+07  | 1.88335165e-04      
828   | 4.04133970e+07  | 1.65788704e-04      
829   | 4.04421795e+07  | 1.88644987e-04      
830   | 4.05082548e+07  | 1.89058457e-04      
831   | 4.05920065e+07  | 1.71461156e-04      
832   | 4.06687008e+07  | 1.63247854e-04      
833   | 4.07310446e+07  | 1.61773915e-04      
834   | 4.08279373e+07  | 1.74011728e-04      
835   | 4.08574018e+07  | 1.67792890e-04      
836   | 4.09080624e+07  | 1.63138811e-04      
837   | 4.09394037e+07  | 8.34313655e-05      
838   | 4.11018241e+07  | 1.43874691e-04      
839   | 4.11682925e+07  | 1.52930259e-04      
846   | 4.15101907e+07  | 1.22600473e-04      
847   | 4.15939084e+07  | 1.96643815e-04      
848   | 4.17395012e+07  | 1.68537421e-04      
849   | 4.17793851e+07  | 1.54749268e-04      
850   | 4.18810366e+07  | 1.55838710e-04      
851   | 4.19147897e+07  | 1.62086411e-04      
852   | 4.19455310e+07  | 1.53631830e-04      
853   | 4.19593881e+07  | 1.33090887e-04      
854   | 4.20546086e+07  | 1.82479677e-04      
855   | 4.21358874e+07  | 1.90149720e-04      
856   | 4.21844874e+07  | 1.81092833e-04      
857   | 4.22054920e+07  | 1.64565654e-04      
858   | 4.22528428e+07  | 1.49048571e-04      
859   | 4.22971153e+07  | 1.47917605e-04      
866   | 4.26670634e+07  | 1.82335441e-04      
867   | 4.27342025e+07  | 1.87387740e-04      
868   | 4.28333709e+07  | 1.38847463e-04      
869   | 4.28523033e+07  | 1.72457581e-04      
870   | 4.29212996e+07  | 1.68068593e-04      
871   | 4.29470493e+07  | 1.93205871e-04      
872   | 4.29604389e+07  | 1.81294250e-04      
873   | 4.30154786e+07  | 1.67641469e-04      
874   | 4.31246178e+07  | 1.39721224e-04      
875   | 4.31420524e+07  | 1.96284211e-04      
876   | 4.31797895e+07  | 1.67309547e-04      
877   | 4.32203931e+07  | 1.64043050e-04      
878   | 4.32624672e+07  | 1.80428447e-04      
879   | 4.32826810e+07  | 1.65927579e-04      
886   | 4.35368220e+07  | 1.49431226e-04      
887   | 4.36562946e+07  | 1.38077383e-04      
888   | 4.37098748e+07  | 1.37192298e-04      
889   | 4.37552423e+07  | 1.41936609e-04      
890   | 4.37788781e+07  | 1.48492269e-04      
891   | 4.38045203e+07  | 1.53166894e-04      
892   | 4.39128816e+07  | 1.67254403e-04      
893   | 4.39196514e+07  | 1.10668761e-04      
894   | 4.39764021e+07  | 1.20636871e-04      
895   | 4.40021342e+07  | 2.05035648e-04      
896   | 4.40361337e+07  | 1.61746774e-04      
897   | 4.40618795e+07  | 1.73892302e-04      
898   | 4.41123412e+07  | 1.65484611e-04      
899   | 4.41386064e+07  | 1.64312394e-04      
906   | 4.44781864e+07  | 1.58078240e-04      
907   | 4.45674354e+07  | 1.72937994e-04      
908   | 4.45788958e+07  | 1.38810581e-04      
909   | 4.46344151e+07  | 1.78126716e-04      
910   | 4.47006157e+07  | 1.63109576e-04      
911   | 4.47720664e+07  | 1.20768578e-04      
912   | 4.47968329e+07  | 1.51086081e-04      
913   | 4.48331299e+07  | 1.47800947e-04      
914   | 4.48677222e+07  | 1.38108433e-04      
915   | 4.49262312e+07  | 5.97274293e-05      
916   | 4.50025658e+07  | 1.45211234e-04      
917   | 4.50385756e+07  | 1.66584429e-04      
918   | 4.50606973e+07  | 1.76262983e-04      
919   | 4.51062728e+07  | 1.52668416e-04      
926   | 4.55299641e+07  | 1.66683039e-04      
927   | 4.55534339e+07  | 1.45805551e-04      
928   | 4.56080821e+07  | 1.55606751e-04      
929   | 4.56687390e+07  | 1.68754342e-04      
930   | 4.57042462e+07  | 1.71706479e-04      
931   | 4.57901299e+07  | 1.44066369e-04      
932   | 4.58222128e+07  | 1.49418749e-04      
933   | 4.58611831e+07  | 1.33611475e-04      
934   | 4.59218548e+07  | 1.42522818e-04      
935   | 4.59746898e+07  | 1.63753474e-04      
936   | 4.60170037e+07  | 1.28066194e-04      
937   | 4.60258531e+07  | 1.67291978e-04      
938   | 4.61024488e+07  | 1.13423141e-04      
939   | 4.61554593e+07  | 1.26451090e-04      
946   | 4.64607290e+07  | 1.67292456e-04      
947   | 4.64851771e+07  | 1.52572201e-04      
948   | 4.65366924e+07  | 1.28494316e-04      
949   | 4.65848355e+07  | 1.24268550e-04      
950   | 4.65969056e+07  | 1.62020627e-04      
951   | 4.66190694e+07  | 1.02718672e-04      
952   | 4.66564260e+07  | 1.14956132e-04      
953   | 4.67232548e+07  | 1.13202386e-04      
954   | 4.67549470e+07  | 1.45662264e-04      
955   | 4.68002031e+07  | 1.13910621e-04      
956   | 4.68952840e+07  | 1.33618576e-04      
957   | 4.69610112e+07  | 1.52769727e-04      
958   | 4.70082681e+07  | 1.62611830e-04      
959   | 4.70772062e+07  | 1.51416981e-04      
966   | 4.74064294e+07  | 1.60626269e-04      
967   | 4.74583653e+07  | 1.20143054e-04      
968   | 4.75080528e+07  | 1.11308118e-04      
969   | 4.75466122e+07  | 1.28892842e-04      
970   | 4.76048318e+07  | 1.32452826e-04      
971   | 4.76185384e+07  | 1.57455586e-04      
972   | 4.76904178e+07  | 1.51820919e-04      
973   | 4.77294353e+07  | 1.40654588e-04      
974   | 4.77761772e+07  | 1.27750112e-04      
975   | 4.77926021e+07  | 1.62790801e-04      
976   | 4.78577871e+07  | 1.64808913e-04      
977   | 4.79443392e+07  | 1.44156880e-04      
978   | 4.79840934e+07  | 1.40052336e-04      
979   | 4.81355061e+07  | 1.27235669e-04      
986   | 4.85303007e+07  | 1.30786955e-04      
987   | 4.85548100e+07  | 1.43399058e-04      
988   | 4.86336019e+07  | 1.13630910e-04      
989   | 4.86877862e+07  | 1.10757105e-04      
990   | 4.87041040e+07  | 1.21004417e-04      
991   | 4.87586889e+07  | 1.21808611e-04      
992   | 4.88589049e+07  | 1.26090220e-04      
993   | 4.89358415e+07  | 1.10969579e-04      
994   | 4.90034244e+07  | 1.07989368e-04      
995   | 4.90916902e+07  | 1.01589966e-04      
996   | 4.91431158e+07  | 1.23862514e-04      
997   | 4.92036605e+07  | 1.01358646e-04      
998   | 4.92199562e+07  | 1.25866387e-04      
999   | 4.92700696e+07  | 1.17373300e-04      
1006  | 4.96861297e+07  | 1.63149954e-04      
1007  | 4.97103498e+07  | 1.24571034e-04      
1008  | 4.97596765e+07  | 1.54920180e-04      
1009  | 4.98625860e+07  | 1.44096225e-04      
1010  | 4.98918700e+07  | 1.14495660e-04      
1011  | 4.99599256e+07  | 1.17278463e-04      
1012  | 5.00138588e+07  | 1.44326650e-04      
1013  | 5.00691113e+07  | 1.47754016e-04      
1014  | 5.01699820e+07  | 1.38294297e-04      
1015  | 5.02190869e+07  | 1.31823954e-04      
1016  | 5.02655077e+07  | 1.09355242e-04      
1017  | 5.03316698e+07  | 8.82750219e-05      
1018  | 5.04358847e+07  | 7.94595079e-05      
1019  | 5.04937994e+07  | 1.06607799e-04      
1026  | 5.08577652e+07  | 1.23772923e-04      
1027  | 5.08905098e+07  | 1.18721840e-04      
1028  | 5.10005806e+07  | 1.25607860e-04      
1029  | 5.10901486e+07  | 1.36562353e-04      
1030  | 5.11793104e+07  | 1.03641829e-04      
1031  | 5.12027733e+07  | 1.14677229e-04      
1032  | 5.12777247e+07  | 1.15276483e-04      
1033  | 5.13223034e+07  | 1.07885267e-04      
1034  | 5.13370760e+07  | 1.41601938e-04      
1035  | 5.14656432e+07  | 1.09725517e-04      
1036  | 5.14808356e+07  | 1.07191153e-04      
1037  | 5.15118575e+07  | 1.16959604e-04      
1038  | 5.15304179e+07  | 1.00398939e-04      
1039  | 5.15723044e+07  | 1.14926409e-04      
1046  | 5.18985711e+07  | 1.18078806e-04      
1047  | 5.20243840e+07  | 1.24181103e-04      
1048  | 5.20874558e+07  | 8.74185852e-05      
1049  | 5.21275093e+07  | 9.22833766e-05      
1050  | 5.22254543e+07  | 1.01294140e-04      
1051  | 5.22487430e+07  | 9.42539327e-05      
1052  | 5.22949423e+07  | 9.37875442e-05      
1053  | 5.23491787e+07  | 1.08804038e-04      
1054  | 5.23777915e+07  | 1.24359800e-04      
1055  | 5.24713293e+07  | 1.14537856e-04      
1056  | 5.24866649e+07  | 1.00748487e-04      
1057  | 5.25659975e+07  | 1.06646061e-04      
1058  | 5.26419912e+07  | 1.24829127e-04      
1059  | 5.27130555e+07  | 8.92145389e-05      
1066  | 5.29898541e+07  | 1.05116769e-04      
1067  | 5.30164265e+07  | 1.03758356e-04      
1068  | 5.31488493e+07  | 1.47723032e-04      
1069  | 5.31922007e+07  | 1.10619683e-04      
1070  | 5.32530650e+07  | 1.39219482e-04      
1071  | 5.33196010e+07  | 1.29163534e-04      
1072  | 5.34625085e+07  | 1.41265409e-04      
1073  | 5.35588391e+07  | 1.16538503e-04      
1074  | 5.36485744e+07  | 1.18620623e-04      
1075  | 5.36687497e+07  | 1.15282539e-04      
1076  | 5.36937644e+07  | 1.06566716e-04      
1077  | 5.37783027e+07  | 1.10940508e-04      
1078  | 5.38193663e+07  | 1.08784388e-04      
1079  | 5.38784795e+07  | 1.15288928e-04      
1086  | 5.43218167e+07  | 1.19842652e-04      
1087  | 5.43813096e+07  | 1.17208535e-04      
1088  | 5.44593773e+07  | 1.09965430e-04      
1089  | 5.45449875e+07  | 1.19225234e-04      
1090  | 5.46460449e+07  | 1.23434037e-04      
1091  | 5.47093654e+07  | 1.32311859e-04      
1092  | 5.48435599e+07  | 1.33216571e-04      
1093  | 5.48810784e+07  | 1.37947373e-04      
1094  | 5.49367663e+07  | 1.02834497e-04      
1095  | 5.49753682e+07  | 1.13220954e-04      
1096  | 5.50484766e+07  | 1.08340565e-04      
1097  | 5.51475924e+07  | 1.10520347e-04      
1098  | 5.52017775e+07  | 1.03540745e-04      
1099  | 5.53245497e+07  | 8.52463314e-05      
1106  | 5.56781256e+07  | 1.21106551e-04      
1107  | 5.58117049e+07  | 1.46234977e-04      
1108  | 5.58411517e+07  | 1.00438518e-04      
1109  | 5.59114713e+07  | 1.02120909e-04      
1110  | 5.60673031e+07  | 1.09698829e-04      
1111  | 5.60901167e+07  | 1.25062490e-04      
1112  | 5.61327683e+07  | 9.83523621e-05      
1113  | 5.61806080e+07  | 1.07930134e-04      
1114  | 5.62518337e+07  | 1.07956573e-04      
1115  | 5.63297507e+07  | 1.15092477e-04      
1116  | 5.63921330e+07  | 1.16045239e-04      
1117  | 5.64658519e+07  | 1.13114670e-04      
1118  | 5.65154411e+07  | 1.19673566e-04      
1119  | 5.65728616e+07  | 1.15458221e-04      
1126  | 5.70814583e+07  | 1.47451368e-04      
1127  | 5.71809307e+07  | 1.15306808e-04      
1128  | 5.72434802e+07  | 1.31588363e-04      
1129  | 5.73557052e+07  | 1.15413765e-04      
1130  | 5.74494348e+07  | 1.21692291e-04      
1131  | 5.75536994e+07  | 1.25935113e-04      
1132  | 5.75706665e+07  | 1.16777758e-04      
1133  | 5.77146367e+07  | 1.08744807e-04      
1134  | 5.77704527e+07  | 1.19181784e-04      
1135  | 5.78319254e+07  | 1.18281469e-04      
1136  | 5.79358065e+07  | 1.07754640e-04      
1137  | 5.80641632e+07  | 1.15850613e-04      
1138  | 5.81231469e+07  | 1.11191246e-04      
1139  | 5.82051003e+07  | 1.05578045e-04      
1146  | 5.87209840e+07  | 1.07499839e-04      
1147  | 5.88228875e+07  | 1.05788312e-04      
1148  | 5.89178665e+07  | 1.23042650e-04      
1149  | 5.90585860e+07  | 1.15753784e-04      
1150  | 5.90814403e+07  | 1.19632114e-04      
1151  | 5.91697798e+07  | 1.06006053e-04      
1152  | 5.92257303e+07  | 1.22613024e-04      
1153  | 5.93218746e+07  | 1.19228334e-04      
1154  | 5.94091913e+07  | 1.29964774e-04      
1155  | 5.94600501e+07  | 9.68993095e-05      
1156  | 5.95470217e+07  | 1.16838006e-04      
1157  | 5.96078635e+07  | 1.38033291e-04      
1158  | 5.96950932e+07  | 1.26624488e-04      
1159  | 5.97464021e+07  | 1.20736614e-04      
1166  | 6.03766102e+07  | 1.19531092e-04      
1167  | 6.04574850e+07  | 1.14668261e-04      
1168  | 6.05250054e+07  | 1.09247619e-04      
1169  | 6.06283830e+07  | 1.04299952e-04      
1170  | 6.06572937e+07  | 1.14070952e-04      
1171  | 6.06949609e+07  | 1.02233337e-04      
1172  | 6.07522975e+07  | 1.00094386e-04      
1173  | 6.08954563e+07  | 9.08044976e-05      
1174  | 6.09149732e+07  | 8.53942967e-05      
1175  | 6.10766041e+07  | 1.12322048e-04      
1176  | 6.11081578e+07  | 1.18188977e-04      
1177  | 6.11533143e+07  | 1.09848769e-04      
1178  | 6.12965183e+07  | 1.34743488e-04      
1179  | 6.13812823e+07  | 1.05729517e-04      
1186  | 6.20110139e+07  | 9.48569637e-05      
1187  | 6.21027775e+07  | 1.30370712e-04      
1188  | 6.22138067e+07  | 1.21898364e-04      
1189  | 6.23271299e+07  | 1.01963545e-04      
1190  | 6.25875741e+07  | 1.02119194e-04      
1191  | 6.26106176e+07  | 1.06621460e-04      
1192  | 6.26211516e+07  | 9.03615316e-05      
1193  | 6.27256290e+07  | 1.21093611e-04      
1194  | 6.28081844e+07  | 1.05814849e-04      
1195  | 6.29165501e+07  | 9.41871841e-05      
1196  | 6.30007617e+07  | 1.03661291e-04      
1197  | 6.30330913e+07  | 1.24122306e-04      
1198  | 6.31725534e+07  | 1.21231626e-04      
1199  | 6.31903285e+07  | 1.14131418e-04      
1206  | 6.38064129e+07  | 1.00945292e-04      
1207  | 6.38955040e+07  | 1.32061169e-04      
1208  | 6.40046675e+07  | 8.16420907e-05      
1209  | 6.41392820e+07  | 1.12090223e-04      
1210  | 6.42440735e+07  | 9.60268236e-05      
1211  | 6.43065089e+07  | 1.00788399e-04      
1212  | 6.44116730e+07  | 9.57946619e-05      
1213  | 6.44793481e+07  | 1.02055831e-04      
1214  | 6.46120519e+07  | 1.10262649e-04      
1215  | 6.46935445e+07  | 1.03978256e-04      
1216  | 6.47504655e+07  | 9.90031388e-05      
1217  | 6.48296790e+07  | 9.55282537e-05      
1218  | 6.49244458e+07  | 8.95132484e-05      
1219  | 6.50315023e+07  | 9.34192784e-05      
1226  | 6.57997516e+07  | 9.57014266e-05      
1227  | 6.59244230e+07  | 1.17736636e-04      
1228  | 6.59569097e+07  | 8.74265369e-05      
1229  | 6.60298038e+07  | 1.03688848e-04      
1230  | 6.61048699e+07  | 1.06428793e-04      
1231  | 6.63159345e+07  | 1.34823847e-04      
1232  | 6.63898819e+07  | 9.52833304e-05      
1233  | 6.64137248e+07  | 1.08086808e-04      
1234  | 6.65334338e+07  | 1.32830472e-04      
1235  | 6.66289352e+07  | 9.19552634e-05      
1236  | 6.67922660e+07  | 1.29872690e-04      
1237  | 6.68601813e+07  | 6.46196855e-05      
1238  | 6.69498509e+07  | 6.09507086e-05      
1239  | 6.70813411e+07  | 1.23947782e-04      
1246  | 6.77660676e+07  | 7.49667322e-05      
1247  | 6.77953218e+07  | 1.01070189e-04      
1248  | 6.78961192e+07  | 1.03544789e-04      
1249  | 6.79334391e+07  | 9.44124569e-05      
1250  | 6.80590096e+07  | 9.24409863e-05      
1251  | 6.82460827e+07  | 9.21823901e-05      
1252  | 6.83473873e+07  | 8.32301004e-05      
1253  | 6.84533370e+07  | 8.98625681e-05      
1254  | 6.84612671e+07  | 9.98029501e-05      
1255  | 6.85729349e+07  | 1.16896654e-04      
1256  | 6.86405053e+07  | 8.60920904e-05      
1257  | 6.88255127e+07  | 1.05327888e-04      
1258  | 6.88587251e+07  | 8.75855871e-05      
1259  | 6.89291938e+07  | 9.30054452e-05      
1266  | 6.99112536e+07  | 1.00914948e-04      
1267  | 6.99825342e+07  | 1.01525035e-04      
1268  | 7.00951987e+07  | 8.72924220e-05      
1269  | 7.02019734e+07  | 9.34083057e-05      
1270  | 7.03274486e+07  | 9.07297816e-05      
1271  | 7.04059080e+07  | 9.63941383e-05      
1272  | 7.05110540e+07  | 9.78322200e-05      
1273  | 7.05988682e+07  | 9.47899714e-05      
1274  | 7.07176966e+07  | 9.88116629e-05      
1275  | 7.07972023e+07  | 1.04751057e-04      
1276  | 7.08197831e+07  | 9.46713128e-05      
1277  | 7.08711563e+07  | 1.01863506e-04      
1278  | 7.09239760e+07  | 1.00683291e-04      
1279  | 7.09373816e+07  | 9.24862296e-05      
1286  | 7.16688279e+07  | 1.13228742e-04      
1287  | 7.17794614e+07  | 9.30828098e-05      
1288  | 7.19071912e+07  | 8.72842554e-05      
1289  | 7.19281924e+07  | 9.39288952e-05      
1290  | 7.20005526e+07  | 1.07188618e-04      
1291  | 7.21178488e+07  | 1.16871873e-04      
1292  | 7.21726183e+07  | 1.17857378e-04      
1293  | 7.22564473e+07  | 1.16063179e-04      
1294  | 7.24490350e+07  | 1.14920938e-04      
1295  | 7.24499957e+07  | 9.75351496e-05      
1296  | 7.25854232e+07  | 8.90118779e-05      
1297  | 7.26479773e+07  | 9.30949463e-05      
1298  | 7.27216891e+07  | 8.21345642e-05      
1299  | 7.28271279e+07  | 9.29192698e-05      
1306  | 7.35608116e+07  | 9.67102522e-05      
1307  | 7.36525681e+07  | 8.77856784e-05      
1308  | 7.37072403e+07  | 1.14468802e-04      
1309  | 7.38920042e+07  | 1.22488325e-04      
1310  | 7.39337034e+07  | 1.10834616e-04      
1311  | 7.41245757e+07  | 1.06586702e-04      
1312  | 7.41865893e+07  | 1.04179576e-04      
1313  | 7.42825107e+07  | 1.15001781e-04      
1314  | 7.43669637e+07  | 1.04122685e-04      
1315  | 7.44763110e+07  | 1.16645467e-04      
1316  | 7.46161482e+07  | 1.23483877e-04      
1317  | 7.46633125e+07  | 1.00694959e-04      
1318  | 7.47326162e+07  | 1.02300661e-04      
1319  | 7.47763456e+07  | 1.00676925e-04      
1326  | 7.55065062e+07  | 8.93977558e-05      
1327  | 7.56115063e+07  | 1.00185827e-04      
1328  | 7.56351714e+07  | 9.31089482e-05      
1329  | 7.58589134e+07  | 6.62076925e-05      
1330  | 7.59472771e+07  | 8.31041271e-05      
1331  | 7.60010518e+07  | 8.50546360e-05      
1332  | 7.61386384e+07  | 8.95282912e-05      
1333  | 7.62081475e+07  | 7.75945079e-05      
1334  | 7.62250986e+07  | 8.27238675e-05      
1335  | 7.63131171e+07  | 8.02215866e-05      
1336  | 7.64848789e+07  | 8.43677228e-05      
1337  | 7.65737657e+07  | 8.86889536e-05      
1338  | 7.67587214e+07  | 7.98723096e-05      
1339  | 7.67783169e+07  | 7.80788670e-05      
1346  | 7.74408136e+07  | 1.04333332e-04      
1347  | 7.74646355e+07  | 7.93661627e-05      
1348  | 7.76205871e+07  | 7.25861518e-05      
1349  | 7.76593460e+07  | 7.98148995e-05      
1350  | 7.76955818e+07  | 5.23068884e-05      
1351  | 7.79845237e+07  | 7.46039381e-05      
1352  | 7.80281193e+07  | 7.87508032e-05      
1353  | 7.81031259e+07  | 8.86860619e-05      
1354  | 7.82066193e+07  | 7.70811959e-05      
1355  | 7.83810116e+07  | 7.81531656e-05      
1356  | 7.84361664e+07  | 7.01237988e-05      
1357  | 7.85333429e+07  | 8.29058399e-05      
1358  | 7.86239925e+07  | 6.70424792e-05      
1359  | 7.87812337e+07  | 7.95887068e-05      
1366  | 7.95185186e+07  | 8.55146023e-05      
1367  | 7.96030669e+07  | 8.58098055e-05      
1368  | 7.97190380e+07  | 7.43342952e-05      
1369  | 7.98525895e+07  | 8.63919859e-05      
1370  | 7.98762825e+07  | 9.40947156e-05      
1371  | 8.00350340e+07  | 7.83659375e-05      
1372  | 8.01253256e+07  | 8.46524529e-05      
1373  | 8.01599460e+07  | 8.12019406e-05      
1374  | 8.03950616e+07  | 8.29389257e-05      
1375  | 8.04048156e+07  | 6.87253398e-05      
1376  | 8.05054367e+07  | 7.59549411e-05      
1377  | 8.05332950e+07  | 8.05844812e-05      
1378  | 8.06185628e+07  | 7.90945914e-05      
1379  | 8.06804007e+07  | 6.89082696e-05      
1386  | 8.15980922e+07  | 8.65015138e-05      
1387  | 8.16183679e+07  | 7.24794195e-05      
1388  | 8.17463599e+07  | 7.11265989e-05      
1389  | 8.19612757e+07  | 8.52280474e-05      
1390  | 8.20643496e+07  | 7.03753984e-05      
1391  | 8.22173510e+07  | 7.13239785e-05      
1392  | 8.23168622e+07  | 8.64495234e-05      
1393  | 8.25270978e+07  | 9.06981363e-05      
1394  | 8.25844701e+07  | 8.09621592e-05      
1395  | 8.27141747e+07  | 7.76258124e-05      
1396  | 8.28695543e+07  | 7.91711522e-05      
1397  | 8.29237595e+07  | 6.81103641e-05      
1398  | 8.30055922e+07  | 8.17863058e-05      
1399  | 8.31725736e+07  | 7.71597091e-05      
1406  | 8.39686572e+07  | 7.97453045e-05      
1407  | 8.40891130e+07  | 7.40016300e-05      
1408  | 8.41776894e+07  | 7.89242317e-05      
1409  | 8.43809575e+07  | 6.70114947e-05      
1410  | 8.43924979e+07  | 6.07675697e-05      
1411  | 8.44638503e+07  | 8.08099837e-05      
1412  | 8.45219711e+07  | 6.94896278e-05      
1413  | 8.47352015e+07  | 7.20416862e-05      
1414  | 8.48515526e+07  | 5.52600941e-05      
1415  | 8.49190786e+07  | 6.99212628e-05      
1416  | 8.51203500e+07  | 6.55254609e-05      
1417  | 8.51910493e+07  | 6.33289194e-05      
1418  | 8.53995919e+07  | 6.47186136e-05      
1419  | 8.54324563e+07  | 8.29528943e-05      
1426  | 8.60659208e+07  | 6.91468916e-05      
1427  | 8.62856188e+07  | 7.78379582e-05      
1428  | 8.63708531e+07  | 7.02274038e-05      
1429  | 8.64731138e+07  | 6.18067990e-05      
1430  | 8.64792536e+07  | 6.63371435e-05      
1431  | 8.66207681e+07  | 8.54565399e-05      
1432  | 8.67697560e+07  | 6.64687095e-05      
1433  | 8.68840368e+07  | 6.94197459e-05      
1434  | 8.69202628e+07  | 7.51047236e-05      
1435  | 8.71487576e+07  | 7.62635289e-05      
1436  | 8.72875728e+07  | 6.57962146e-05      
1437  | 8.73383029e+07  | 6.72224815e-05      
1438  | 8.74042076e+07  | 7.06643077e-05      
1439  | 8.75523392e+07  | 7.05651475e-05      
1446  | 8.83271196e+07  | 4.67185774e-05      
1447  | 8.84776397e+07  | 6.69729571e-05      
1448  | 8.85579546e+07  | 5.75591232e-05      
1449  | 8.86384081e+07  | 7.05821178e-05      
1450  | 8.87816753e+07  | 6.20670889e-05      
1451  | 8.88658744e+07  | 6.51287209e-05      
1452  | 8.90300373e+07  | 6.57646192e-05      
1453  | 8.92882484e+07  | 6.67633646e-05      
1454  | 8.93198723e+07  | 6.71003235e-05      
1455  | 8.94946807e+07  | 7.03710908e-05      
1456  | 8.96627257e+07  | 7.62518371e-05      
1457  | 8.97141526e+07  | 7.48695993e-05      
1458  | 8.98619034e+07  | 6.67977342e-05      
1459  | 9.00091117e+07  | 6.02106009e-05      
1466  | 9.07997264e+07  | 6.94029981e-05      
1467  | 9.08598066e+07  | 6.22271796e-05      
1468  | 9.09831870e+07  | 7.18866522e-05      
1469  | 9.10704066e+07  | 7.06925150e-05      
1470  | 9.11306767e+07  | 7.42627415e-05      
1471  | 9.12447130e+07  | 7.75939118e-05      
1472  | 9.12822144e+07  | 7.36248335e-05      
1473  | 9.14657353e+07  | 7.18811041e-05      
1474  | 9.15856909e+07  | 6.49378385e-05      
1475  | 9.16378453e+07  | 5.73790644e-05      
1476  | 9.17755678e+07  | 5.84645218e-05      
1477  | 9.18721003e+07  | 7.96473825e-05      
1478  | 9.20910358e+07  | 5.59475498e-05      
1479  | 9.21865527e+07  | 6.62428420e-05      
1486  | 9.30532058e+07  | 7.31626724e-05      
1487  | 9.31801651e+07  | 7.96937912e-05      
1488  | 9.32973415e+07  | 7.85785877e-05      
1489  | 9.33698305e+07  | 7.22967504e-05      
1490  | 9.35407987e+07  | 7.51514955e-05      
1491  | 9.36457424e+07  | 7.02478937e-05      
1492  | 9.37405402e+07  | 8.90226782e-05      
1493  | 9.38512638e+07  | 6.43410783e-05      
1494  | 9.39446784e+07  | 6.97460692e-05      
1495  | 9.41203488e+07  | 7.92679535e-05      
1496  | 9.42728629e+07  | 6.04822364e-05      
1497  | 9.44478523e+07  | 7.54811583e-05      
1498  | 9.45650675e+07  | 7.52177300e-05      
1499  | 9.48725090e+07  | 6.16807606e-05      
1506  | 9.57401947e+07  | 6.97557054e-05      
1507  | 9.60215457e+07  | 7.43458218e-05      
1508  | 9.61645765e+07  | 5.59944017e-05      
1509  | 9.62380775e+07  | 6.54596059e-05      
1510  | 9.65008920e+07  | 7.10699477e-05      
1511  | 9.65614290e+07  | 6.57978308e-05      
1512  | 9.67976922e+07  | 5.59484833e-05      
1513  | 9.69851183e+07  | 5.58781330e-05      
1514  | 9.71327951e+07  | 6.39728614e-05      
1515  | 9.72459394e+07  | 5.82072707e-05      
1516  | 9.73994788e+07  | 5.98099478e-05      
1517  | 9.74653424e+07  | 5.72387687e-05      
1518  | 9.75626172e+07  | 5.27201012e-05      
1519  | 9.77145784e+07  | 6.27874014e-05      
1526  | 9.87565115e+07  | 6.01765133e-05      
1527  | 9.88921844e+07  | 7.27849631e-05      
1528  | 9.90117294e+07  | 5.01312050e-05      
1529  | 9.91408112e+07  | 6.26464550e-05      
1530  | 9.92678327e+07  | 7.00060038e-05      
1531  | 9.95024655e+07  | 7.35701500e-05      
1532  | 9.96344062e+07  | 4.54567244e-05      
1533  | 9.98316649e+07  | 4.47686680e-05      
1534  | 1.00071254e+08  | 8.40202168e-05      
1535  | 1.00120268e+08  | 5.28979591e-05      
1536  | 1.00228939e+08  | 6.09487948e-05      
1537  | 1.00403160e+08  | 6.28555732e-05      
1538  | 1.00586397e+08  | 6.71444177e-05      
1539  | 1.00688717e+08  | 6.00182133e-05      
1546  | 1.01955126e+08  | 5.65169432e-05      
1547  | 1.02128712e+08  | 6.42994640e-05      
1548  | 1.02301365e+08  | 7.10350027e-05      
1549  | 1.02526580e+08  | 6.38170646e-05      
1550  | 1.02671408e+08  | 5.21447087e-05      
1551  | 1.02854629e+08  | 5.19363714e-05      
1552  | 1.02953524e+08  | 7.64926035e-05      
1553  | 1.03009068e+08  | 4.20013064e-05      
1554  | 1.03475841e+08  | 5.62910866e-05      
1555  | 1.03585530e+08  | 6.26140336e-05      
1556  | 1.03655611e+08  | 5.47676185e-05      
1557  | 1.03876324e+08  | 5.17595758e-05      
1558  | 1.03950126e+08  | 5.25119702e-05      
1559  | 1.04059245e+08  | 5.27214796e-05      
1566  | 1.05281623e+08  | 3.78697597e-05      
1567  | 1.05294210e+08  | 4.93661220e-05      
1568  | 1.05429674e+08  | 5.79094066e-05      
1569  | 1.05553592e+08  | 5.05496493e-05      
1570  | 1.05655616e+08  | 4.46910911e-05      
1571  | 1.05830821e+08  | 5.62535529e-05      
1572  | 1.06026767e+08  | 4.79346701e-05      
1573  | 1.06300624e+08  | 5.58446119e-05      
1574  | 1.06487297e+08  | 5.36015149e-05      
1575  | 1.06663627e+08  | 5.60539181e-05      
1576  | 1.06834904e+08  | 5.57455672e-05      
1577  | 1.06940134e+08  | 5.02137152e-05      
1578  | 1.07110867e+08  | 5.30727958e-05      
1579  | 1.07208686e+08  | 5.14191546e-05      
1586  | 1.08329314e+08  | 4.10499858e-05      
1587  | 1.08607749e+08  | 5.36972160e-05      
1588  | 1.08640010e+08  | 5.68206734e-05      
1589  | 1.08770125e+08  | 5.56366529e-05      
1590  | 1.09118438e+08  | 3.94024510e-05      
1591  | 1.09457452e+08  | 4.69702975e-05      
1592  | 1.09515970e+08  | 4.16243305e-05      
1593  | 1.09675217e+08  | 4.80130424e-05      
1594  | 1.09711589e+08  | 2.87499277e-05      
1595  | 1.09837094e+08  | 2.55789781e-05      
1596  | 1.09901615e+08  | 5.48730479e-05      
1597  | 1.10241695e+08  | 5.01470748e-05      
1598  | 1.10329931e+08  | 5.00644011e-05      
1599  | 1.10690232e+08  | 3.19641364e-05      
1606  | 1.11987271e+08  | 3.66015946e-05      
1607  | 1.12120418e+08  | 5.72008595e-05      
1608  | 1.12190141e+08  | 5.43681995e-05      
1609  | 1.12435995e+08  | 3.31804650e-05      
1610  | 1.12614499e+08  | 5.05993679e-05      
1611  | 1.12893832e+08  | 6.00617890e-05      
1612  | 1.13097357e+08  | 5.05731350e-05      
1613  | 1.13240443e+08  | 3.66894301e-05      
1614  | 1.13468500e+08  | 4.40567508e-05      
1615  | 1.13556505e+08  | 4.22719501e-05      
1616  | 1.13704899e+08  | 2.64666262e-05      
1617  | 1.13752259e+08  | 6.32123780e-05      
1618  | 1.14022449e+08  | 5.03833056e-05      
1619  | 1.14096119e+08  | 4.14084787e-05      
1626  | 1.15116225e+08  | 5.15085890e-05      
1627  | 1.15402610e+08  | 4.08588650e-05      
1628  | 1.15517712e+08  | 6.15126486e-05      
1629  | 1.15726248e+08  | 5.53944812e-05      
1630  | 1.15945808e+08  | 4.96107069e-05      
1631  | 1.16127132e+08  | 4.52071672e-05      
1632  | 1.16228801e+08  | 5.59525568e-05      
1633  | 1.16326132e+08  | 5.00740432e-05      
1634  | 1.16526675e+08  | 6.05812035e-05      
1635  | 1.16670646e+08  | 3.75394578e-05      
1636  | 1.16884262e+08  | 4.22968230e-05      
1637  | 1.17170169e+08  | 5.20808175e-05      
1638  | 1.17304406e+08  | 4.39908026e-05      
1639  | 1.17485714e+08  | 3.65992452e-05      
1646  | 1.18758194e+08  | 5.55507710e-05      
1647  | 1.18838579e+08  | 5.64849345e-05      
1648  | 1.18973993e+08  | 3.81843429e-05      
1649  | 1.19131851e+08  | 5.55661138e-05      
1650  | 1.19364349e+08  | 6.23485999e-05      
1651  | 1.19520732e+08  | 4.81597064e-05      
1652  | 1.19659092e+08  | 5.32135584e-05      
1653  | 1.19868622e+08  | 4.86238089e-05      
1654  | 1.20077523e+08  | 6.18555260e-05      
1655  | 1.20387833e+08  | 4.08662080e-05      
1656  | 1.20503406e+08  | 5.65069175e-05      
1657  | 1.20604985e+08  | 5.98201243e-05      
1658  | 1.20969883e+08  | 5.89369357e-05      
1659  | 1.21065096e+08  | 4.31913267e-05      
1666  | 1.22062256e+08  | 5.77649337e-05      
1667  | 1.22207517e+08  | 5.06527772e-05      
1668  | 1.22471391e+08  | 4.74515670e-05      
1669  | 1.22606503e+08  | 5.71981510e-05      
1670  | 1.22819984e+08  | 4.13778825e-05      
1671  | 1.23031379e+08  | 5.40262813e-05      
1672  | 1.23178308e+08  | 5.16530704e-05      
1673  | 1.23510333e+08  | 4.85925126e-05      
1674  | 1.23605482e+08  | 5.31144756e-05      
1675  | 1.23790773e+08  | 5.41173051e-05      
1676  | 1.23893647e+08  | 5.03861808e-05      
1677  | 1.23987622e+08  | 4.94347776e-05      
1678  | 1.24182681e+08  | 4.26468764e-05      
1679  | 1.24643743e+08  | 4.67375791e-05      
1686  | 1.26014695e+08  | 4.67035825e-05      
1687  | 1.26056224e+08  | 5.65403505e-05      
1688  | 1.26190475e+08  | 4.68417275e-05      
1689  | 1.26354174e+08  | 4.07306229e-05      
1690  | 1.26550147e+08  | 5.69606759e-05      
1691  | 1.26606208e+08  | 4.04540022e-05      
1692  | 1.26835551e+08  | 4.79900624e-05      
1693  | 1.27041133e+08  | 5.71356612e-05      
1694  | 1.27108429e+08  | 4.94349423e-05      
1695  | 1.27258629e+08  | 4.05605354e-05      
1696  | 1.27407357e+08  | 4.32211386e-05      
1697  | 1.27669747e+08  | 5.38479538e-05      
1698  | 1.27903366e+08  | 5.04284671e-05      
1699  | 1.27947828e+08  | 5.08286437e-05      
1706  | 1.29234806e+08  | 5.41177983e-05      
1707  | 1.29423232e+08  | 3.93389849e-05      
1708  | 1.29565647e+08  | 4.23511645e-05      
1709  | 1.29736145e+08  | 5.46733628e-05      
1710  | 1.30051240e+08  | 4.65206957e-05      
1711  | 1.30337680e+08  | 4.06882282e-05      
1712  | 1.30533895e+08  | 4.87449735e-05      
1713  | 1.30595801e+08  | 4.87190729e-05      
1714  | 1.30710549e+08  | 3.68696965e-05      
1715  | 1.31071725e+08  | 4.02413795e-05      
1716  | 1.31298066e+08  | 4.26713934e-05      
1717  | 1.31610436e+08  | 4.81148402e-05      
1718  | 1.31771457e+08  | 3.77584589e-05      
1719  | 1.31951748e+08  | 4.32772492e-05      
1726  | 1.33210324e+08  | 5.17283278e-05      
1727  | 1.33349211e+08  | 4.29224324e-05      
1728  | 1.33624855e+08  | 4.19496400e-05      
1729  | 1.33760191e+08  | 4.70220955e-05      
1730  | 1.34047920e+08  | 3.09993014e-05      
1731  | 1.34299010e+08  | 4.18483474e-05      
1732  | 1.34372318e+08  | 3.90194379e-05      
1733  | 1.34643378e+08  | 5.13718150e-05      
1734  | 1.34794527e+08  | 4.96181756e-05      
1735  | 1.34894418e+08  | 2.57508337e-05      
1736  | 1.35039205e+08  | 5.16748957e-05      
1737  | 1.35519156e+08  | 4.13601556e-05      
1738  | 1.35724038e+08  | 5.30015388e-05      
1739  | 1.36081399e+08  | 4.82689608e-05      
1746  | 1.37490481e+08  | 4.17175123e-05      
1747  | 1.37956378e+08  | 3.74810733e-05      
1748  | 1.38168933e+08  | 4.03333357e-05      
1749  | 1.38555532e+08  | 3.67617722e-05      
1750  | 1.38950482e+08  | 4.55173780e-05      
1751  | 1.39422179e+08  | 3.22963141e-05      
1752  | 1.39698387e+08  | 4.71566850e-05      
1753  | 1.39958491e+08  | 3.12504181e-05      
1754  | 1.40008389e+08  | 3.72798395e-05      
1755  | 1.40270342e+08  | 3.66183002e-05      
1756  | 1.40458153e+08  | 4.72506093e-05      
1757  | 1.40935483e+08  | 4.22803450e-05      
1758  | 1.41063134e+08  | 4.58403398e-05      
1759  | 1.41345011e+08  | 3.16806990e-05      
1766  | 1.43102024e+08  | 4.30886232e-05      
1767  | 1.43369406e+08  | 4.31279360e-05      
1768  | 1.44072892e+08  | 4.74093538e-05      
1769  | 1.44131334e+08  | 4.73677935e-05      
1770  | 1.44460371e+08  | 4.27544859e-05      
1771  | 1.44583009e+08  | 4.49510681e-05      
1772  | 1.44819989e+08  | 4.75787944e-05      
1773  | 1.45133336e+08  | 4.32781421e-05      
1774  | 1.45435111e+08  | 3.52151668e-05      
1775  | 1.45717536e+08  | 4.56489974e-05      
1776  | 1.45916324e+08  | 4.81899382e-05      
1777  | 1.46257175e+08  | 3.69725004e-05      
1778  | 1.46402171e+08  | 3.53528456e-05      
1779  | 1.46509087e+08  | 4.79324537e-05      
1786  | 1.48645069e+08  | 3.87439853e-05      
1787  | 1.49433803e+08  | 4.21157855e-05      
1788  | 1.49580686e+08  | 3.19002894e-05      
1789  | 1.49932627e+08  | 3.49763952e-05      
1790  | 1.50161922e+08  | 4.05871860e-05      
1791  | 1.50251790e+08  | 3.42018832e-05      
1792  | 1.50724263e+08  | 3.65114209e-05      
1793  | 1.50837430e+08  | 4.67532389e-05      
1794  | 1.51045960e+08  | 3.44938277e-05      
1795  | 1.51180589e+08  | 3.71466511e-05      
1796  | 1.51605572e+08  | 3.75448385e-05      
1797  | 1.51684607e+08  | 3.66686065e-05      
1798  | 1.52015340e+08  | 3.62287254e-05      
1799  | 1.52165284e+08  | 2.80777359e-05      
1806  | 1.54141188e+08  | 4.20815564e-05      
1807  | 1.54326722e+08  | 3.88739737e-05      
1808  | 1.54401518e+08  | 3.92286968e-05      
1809  | 1.54880094e+08  | 4.64214975e-05      
1810  | 1.55074739e+08  | 3.87098258e-05      
1811  | 1.55673066e+08  | 4.82892408e-05      
1812  | 1.55836768e+08  | 4.48360140e-05      
1813  | 1.55985259e+08  | 4.61152932e-05      
1814  | 1.56474861e+08  | 3.90200691e-05      
1815  | 1.57376962e+08  | 4.24443945e-05      
1816  | 1.57689305e+08  | 4.55880092e-05      
1817  | 1.57923669e+08  | 4.54267576e-05      
1818  | 1.58237151e+08  | 3.46077852e-05      
1819  | 1.58629803e+08  | 3.90833447e-05      
1826  | 1.60866922e+08  | 4.31541366e-05      
1827  | 1.61109691e+08  | 2.54834729e-05      
1828  | 1.61202442e+08  | 4.35326830e-05      
1829  | 1.61877895e+08  | 3.81226272e-05      
1830  | 1.62076780e+08  | 4.22392481e-05      
1831  | 1.62575066e+08  | 4.48942662e-05      
1832  | 1.62934426e+08  | 4.27992797e-05      
1833  | 1.63612833e+08  | 3.89512914e-05      
1834  | 1.63795659e+08  | 4.60305240e-05      
1835  | 1.64112968e+08  | 4.42687335e-05      
1836  | 1.64474466e+08  | 4.67048669e-05      
1837  | 1.64737901e+08  | 4.53264142e-05      
1838  | 1.65129439e+08  | 4.60187798e-05      
1839  | 1.65695805e+08  | 4.64511542e-05      
1846  | 1.68037759e+08  | 4.11841544e-05      
1847  | 1.68432358e+08  | 3.61735394e-05      
1848  | 1.68714974e+08  | 3.37893815e-05      
1849  | 1.69088963e+08  | 4.47482768e-05      
1850  | 1.69626952e+08  | 3.85766360e-05      
1851  | 1.69691076e+08  | 3.61824397e-05      
1852  | 1.70566784e+08  | 4.15494932e-05      
1853  | 1.70719896e+08  | 4.44509317e-05      
1854  | 1.71115107e+08  | 3.62626626e-05      
1855  | 1.71525270e+08  | 4.20040331e-05      
1856  | 1.71961665e+08  | 3.81226806e-05      
1857  | 1.72238522e+08  | 3.14238100e-05      
1858  | 1.72625712e+08  | 3.03220959e-05      
1859  | 1.72879594e+08  | 4.07473099e-05      
1866  | 1.75344244e+08  | 2.85544890e-05      
1867  | 1.76012112e+08  | 3.33181275e-05      
1868  | 1.76495171e+08  | 3.50295299e-05      
1869  | 1.76527968e+08  | 3.80668277e-05      
1870  | 1.76934907e+08  | 3.77445584e-05      
1871  | 1.76991114e+08  | 3.54736924e-05      
1872  | 1.77419877e+08  | 3.09200504e-05      
1873  | 1.77715313e+08  | 3.92501199e-05      
1874  | 1.78021088e+08  | 3.65757658e-05      
1875  | 1.78118942e+08  | 3.81871420e-05      
1876  | 1.78409700e+08  | 3.23844051e-05      
1877  | 1.79117327e+08  | 3.45929259e-05      
1878  | 1.79354834e+08  | 3.38375514e-05      
1879  | 1.79670404e+08  | 3.51383329e-05      
1886  | 1.83003179e+08  | 3.89342096e-05      
1887  | 1.83419512e+08  | 4.02001657e-05      
1888  | 1.83718117e+08  | 3.90880355e-05      
1889  | 1.84045101e+08  | 3.94498411e-05      
1890  | 1.84279496e+08  | 3.40220919e-05      
1891  | 1.84983920e+08  | 3.15441025e-05      
1892  | 1.85231331e+08  | 4.04811634e-05      
1893  | 1.86446274e+08  | 3.88626914e-05      
1894  | 1.86664771e+08  | 3.48087465e-05      
1895  | 1.86906188e+08  | 3.42567673e-05      
1896  | 1.87747421e+08  | 2.84102511e-05      
1897  | 1.88506991e+08  | 3.41322355e-05      
1898  | 1.89231344e+08  | 2.58287136e-05      
1899  | 1.89559270e+08  | 3.58987572e-05      
1906  | 1.93338304e+08  | 3.46436066e-05      
1907  | 1.93530728e+08  | 4.21908932e-05      
1908  | 1.94373285e+08  | 3.64303092e-05      
1909  | 1.95075930e+08  | 3.45198544e-05      
1910  | 1.95928991e+08  | 3.83863936e-05      
1911  | 1.96349765e+08  | 3.32715810e-05      
1912  | 1.96513908e+08  | 3.56580823e-05      
1913  | 1.97536058e+08  | 3.15113971e-05      
1914  | 1.97829053e+08  | 2.71552863e-05      
1915  | 1.98033383e+08  | 3.12117963e-05      
1916  | 1.98427338e+08  | 2.69672562e-05      
1917  | 1.98892426e+08  | 3.49953978e-05      
1918  | 1.99142874e+08  | 3.79242965e-05      
1919  | 1.99863110e+08  | 3.55370289e-05      
1926  | 2.04019170e+08  | 3.05969302e-05      
1927  | 2.04849792e+08  | 3.77473859e-05      
1928  | 2.05014405e+08  | 4.13298770e-05      
1929  | 2.06251032e+08  | 3.61240093e-05      
1930  | 2.07141876e+08  | 3.10441653e-05      
1931  | 2.07405262e+08  | 2.87212399e-05      
1932  | 2.08291185e+08  | 3.39786985e-05      
1933  | 2.08581739e+08  | 3.11334439e-05      
1934  | 2.08875435e+08  | 2.54407171e-05      
1935  | 2.09788011e+08  | 2.85911703e-05      
1936  | 2.10173467e+08  | 3.39225567e-05      
1937  | 2.10933455e+08  | 3.12595776e-05      
1938  | 2.11099849e+08  | 2.97800827e-05      
1939  | 2.11906812e+08  | 3.16484381e-05      
1946  | 2.15021777e+08  | 3.24007958e-05      
1947  | 2.16037720e+08  | 2.97796056e-05      
1948  | 2.16288052e+08  | 3.82101569e-05      
1949  | 2.17559957e+08  | 3.38039635e-05      
1950  | 2.18202622e+08  | 3.80793685e-05      
1951  | 2.18953536e+08  | 2.44511895e-05      
1952  | 2.19583656e+08  | 4.10627612e-05      
1953  | 2.20175539e+08  | 2.62869865e-05      
1954  | 2.20870597e+08  | 2.94963054e-05      
1955  | 2.21849029e+08  | 2.32383227e-05      
1956  | 2.22040737e+08  | 2.64202155e-05      
1957  | 2.22459544e+08  | 2.68210943e-05      
1958  | 2.23818442e+08  | 2.35264876e-05      
1959  | 2.24346779e+08  | 3.08242561e-05      
1966  | 2.28448321e+08  | 2.69144044e-05      
1967  | 2.29112349e+08  | 2.66098218e-05      
1968  | 2.29666133e+08  | 3.72867212e-05      
1969  | 2.30032646e+08  | 2.60113902e-05      
1970  | 2.30738666e+08  | 2.47016846e-05      
1971  | 2.31622593e+08  | 2.84632666e-05      
1972  | 2.32099257e+08  | 2.70983749e-05      
1973  | 2.32621887e+08  | 2.43752034e-05      
1974  | 2.33519701e+08  | 2.96179979e-05      
1975  | 2.34053325e+08  | 2.26685450e-05      
1976  | 2.34869309e+08  | 2.47451749e-05      
1977  | 2.35360232e+08  | 2.08336079e-05      
1978  | 2.36365976e+08  | 2.32022228e-05      
1979  | 2.36690128e+08  | 2.29120040e-05      
1986  | 2.40302795e+08  | 2.70293313e-05      
1987  | 2.41000018e+08  | 2.33184128e-05      
1988  | 2.43158098e+08  | 2.09390939e-05      
1989  | 2.43302967e+08  | 1.82945297e-05      
1990  | 2.43719670e+08  | 2.04965710e-05      
1991  | 2.43986304e+08  | 2.36921519e-05      
1992  | 2.44559706e+08  | 2.20210777e-05      
1993  | 2.45936278e+08  | 1.73494177e-05      
1994  | 2.46605894e+08  | 2.46223769e-05      
1995  | 2.47238320e+08  | 2.16096473e-05      
1996  | 2.47809589e+08  | 2.62327911e-05      
1997  | 2.48489911e+08  | 2.42352513e-05      
1998  | 2.48828968e+08  | 2.28092771e-05      
1999  | 2.49092527e+08  | 1.98417252e-05      
2006  | 2.54661995e+08  | 2.14785090e-05      
2007  | 2.56100193e+08  | 2.63039337e-05      
2008  | 2.57005415e+08  | 1.96284206e-05      
2009  | 2.57468926e+08  | 2.39536676e-05      
2010  | 2.58370438e+08  | 2.16254454e-05      
2011  | 2.59087012e+08  | 2.70744412e-05      
2012  | 2.59713812e+08  | 2.49970117e-05      
2013  | 2.61645069e+08  | 1.60480369e-05      
2014  | 2.62135816e+08  | 2.51570800e-05      
2015  | 2.62546850e+08  | 1.73484325e-05      
2016  | 2.63392666e+08  | 2.23884855e-05      
2017  | 2.63989963e+08  | 1.97519439e-05      
2018  | 2.66057970e+08  | 2.29029896e-05      
2019  | 2.66212630e+08  | 2.40973138e-05      
2026  | 2.72419598e+08  | 2.33752655e-05      
2027  | 2.72738903e+08  | 2.56687669e-05      
2028  | 2.73778261e+08  | 2.52413197e-05      
2029  | 2.73879103e+08  | 2.02475985e-05      
2030  | 2.75317317e+08  | 2.37576140e-05      
2031  | 2.76157943e+08  | 2.32775286e-05      
2032  | 2.76735137e+08  | 2.16515509e-05      
2033  | 2.77508007e+08  | 2.75865408e-05      
2034  | 2.78378249e+08  | 2.20441638e-05      
2035  | 2.78426974e+08  | 2.04930013e-05      
2036  | 2.79932705e+08  | 2.03690708e-05      
2037  | 2.81145627e+08  | 2.47506596e-05      
2038  | 2.81708523e+08  | 2.58164297e-05      
2039  | 2.83484197e+08  | 2.16270900e-05      
2046  | 2.90082977e+08  | 1.89168344e-05      
2047  | 2.90372048e+08  | 2.01356427e-05      
2048  | 2.91779816e+08  | 2.13445708e-05      
2049  | 2.93353540e+08  | 2.57854089e-05      
2050  | 2.94152707e+08  | 2.22258247e-05      
2051  | 2.95161069e+08  | 2.57177549e-05      
2052  | 2.96499919e+08  | 2.50316918e-05      
2053  | 2.97103720e+08  | 2.55800125e-05      
2054  | 2.98360011e+08  | 1.78155015e-05      
2055  | 2.98844735e+08  | 2.04558234e-05      
2056  | 2.99172002e+08  | 2.06428454e-05      
2057  | 2.99857534e+08  | 2.14591501e-05      
2058  | 3.00616463e+08  | 2.37880468e-05      
2059  | 3.01994972e+08  | 2.41901293e-05      
2066  | 3.07870348e+08  | 2.27246633e-05      
2067  | 3.08375428e+08  | 1.84861773e-05      
2068  | 3.09959492e+08  | 1.84033112e-05      
2069  | 3.10058948e+08  | 2.17535104e-05      
2070  | 3.10964517e+08  | 2.75242473e-05      
2071  | 3.12872356e+08  | 2.19872483e-05      
2072  | 3.14713651e+08  | 2.36945627e-05      
2073  | 3.14861649e+08  | 2.19123060e-05      
2074  | 3.15277934e+08  | 2.49500942e-05      
2075  | 3.16438142e+08  | 2.29824755e-05      
2076  | 3.16900230e+08  | 2.03364533e-05      
2077  | 3.17312303e+08  | 2.22009275e-05      
2078  | 3.18285683e+08  | 1.76745410e-05      
2079  | 3.19963798e+08  | 2.05971405e-05      
2086  | 3.27143686e+08  | 2.10152658e-05      
2087  | 3.28240366e+08  | 2.04517918e-05      
2088  | 3.30911198e+08  | 2.27001963e-05      
2089  | 3.31449548e+08  | 1.86037690e-05      
2090  | 3.31783130e+08  | 2.07734760e-05      
2091  | 3.33346052e+08  | 1.99402048e-05      
2092  | 3.33689900e+08  | 2.02832745e-05      
2093  | 3.34513291e+08  | 2.06386452e-05      
2094  | 3.34927285e+08  | 1.56944315e-05      
2095  | 3.36638860e+08  | 2.00450933e-05      
2096  | 3.36977828e+08  | 2.16613066e-05      
2097  | 3.37914327e+08  | 2.16479944e-05      
2098  | 3.38238638e+08  | 2.09308323e-05      
2099  | 3.39260968e+08  | 2.21468508e-05      
2106  | 3.45196193e+08  | 2.24825256e-05      
2107  | 3.45852049e+08  | 2.16360064e-05      
2108  | 3.46163799e+08  | 2.01988616e-05      
2109  | 3.47149517e+08  | 2.23758731e-05      
2110  | 3.49656951e+08  | 2.26100362e-05      
2111  | 3.50214264e+08  | 2.43493852e-05      
2112  | 3.50527927e+08  | 2.38408878e-05      
2113  | 3.52184123e+08  | 2.21628638e-05      
2114  | 3.52487108e+08  | 2.19815319e-05      
2115  | 3.53910654e+08  | 2.07405006e-05      
2116  | 3.54455162e+08  | 2.05533366e-05      
2117  | 3.55024449e+08  | 1.85890105e-05      
2118  | 3.55682911e+08  | 2.08229149e-05      
2119  | 3.56115376e+08  | 1.91056843e-05      
2126  | 3.61645903e+08  | 1.79156619e-05      
2127  | 3.62729406e+08  | 1.81964122e-05      
2128  | 3.63638109e+08  | 1.81849738e-05      
2129  | 3.64296808e+08  | 1.75009112e-05      
2130  | 3.64523906e+08  | 1.46509434e-05      
2131  | 3.65364487e+08  | 1.69396811e-05      
2132  | 3.66152666e+08  | 1.60564812e-05      
2133  | 3.66999371e+08  | 2.08529722e-05      
2134  | 3.67206193e+08  | 1.95697802e-05      
2135  | 3.67733139e+08  | 1.82959883e-05      
2136  | 3.69328460e+08  | 1.89193484e-05      
2137  | 3.70147444e+08  | 1.87003173e-05      
2138  | 3.70850677e+08  | 1.92241557e-05      
2139  | 3.71706489e+08  | 1.87808969e-05      
2146  | 3.78360632e+08  | 1.88438535e-05      
2147  | 3.79244101e+08  | 1.67978128e-05      
2148  | 3.79662515e+08  | 1.87175475e-05      
2149  | 3.82456278e+08  | 1.76537435e-05      
2150  | 3.82907270e+08  | 1.79224491e-05      
2151  | 3.83158464e+08  | 1.68935364e-05      
2152  | 3.85398251e+08  | 1.57803704e-05      
2153  | 3.86114499e+08  | 1.89114305e-05      
2154  | 3.87621243e+08  | 1.82205758e-05      
2155  | 3.87774329e+08  | 1.80263540e-05      
2156  | 3.89086177e+08  | 1.80707764e-05      
2157  | 3.89676447e+08  | 1.66326823e-05      
2158  | 3.90953866e+08  | 1.92595071e-05      
2159  | 3.91155704e+08  | 1.83242552e-05      
2166  | 3.96974275e+08  | 1.58916380e-05      
2167  | 3.97559111e+08  | 1.58458922e-05      
2168  | 3.98357166e+08  | 1.81639639e-05      
2169  | 3.99721858e+08  | 1.61200517e-05      
2170  | 3.99914256e+08  | 1.50605084e-05      
2171  | 4.01602470e+08  | 1.99689608e-05      
2172  | 4.02466269e+08  | 2.01637235e-05      
2173  | 4.02526222e+08  | 1.81577358e-05      
2174  | 4.04459500e+08  | 1.56293030e-05      
2175  | 4.05398518e+08  | 1.90496793e-05      
2176  | 4.06372612e+08  | 1.75197707e-05      
2177  | 4.06832913e+08  | 1.78503399e-05      
2178  | 4.07664413e+08  | 1.98266559e-05      
2179  | 4.08473917e+08  | 1.82512778e-05      
2186  | 4.15132217e+08  | 1.46988701e-05      
2187  | 4.15919935e+08  | 2.12705314e-05      
2188  | 4.16924909e+08  | 1.63238531e-05      
2189  | 4.17492889e+08  | 1.95668901e-05      
2190  | 4.18922521e+08  | 1.92277864e-05      
2191  | 4.20080609e+08  | 1.54136027e-05      
2192  | 4.20795536e+08  | 1.75370620e-05      
2193  | 4.21216852e+08  | 1.78819156e-05      
2194  | 4.22033831e+08  | 1.59987276e-05      
2195  | 4.22639554e+08  | 1.91797459e-05      
2196  | 4.24044693e+08  | 1.59839280e-05      
2197  | 4.25368119e+08  | 1.94477440e-05      
2198  | 4.26066394e+08  | 1.69974694e-05      
2199  | 4.27290440e+08  | 1.89925600e-05      
2206  | 4.33060088e+08  | 2.24737207e-05      
2207  | 4.33826221e+08  | 1.99954320e-05      
2208  | 4.35888507e+08  | 1.89091516e-05      
2209  | 4.36517810e+08  | 2.01041575e-05      
2210  | 4.37448396e+08  | 1.64584042e-05      
2211  | 4.37766475e+08  | 1.79842907e-05      
2212  | 4.38891063e+08  | 1.71426119e-05      
2213  | 4.39445877e+08  | 1.75467058e-05      
2214  | 4.40322154e+08  | 1.72666472e-05      
2215  | 4.40864785e+08  | 1.74421929e-05      
2216  | 4.41287832e+08  | 1.74837820e-05      
2217  | 4.42452569e+08  | 1.66538358e-05      
2218  | 4.43227081e+08  | 1.71337191e-05      
2219  | 4.43856678e+08  | 1.80554340e-05      
2226  | 4.51299768e+08  | 1.47094678e-05      
2227  | 4.51943712e+08  | 1.56896083e-05      
2228  | 4.52481482e+08  | 1.74345192e-05      
2229  | 4.52621483e+08  | 1.55031357e-05      
2230  | 4.53500995e+08  | 1.69904233e-05      
2231  | 4.54331820e+08  | 1.53887289e-05      
2232  | 4.55169915e+08  | 1.30067866e-05      
2233  | 4.55886033e+08  | 1.56602474e-05      
2234  | 4.56670507e+08  | 1.58167251e-05      
2235  | 4.57014260e+08  | 1.37389202e-05      
2236  | 4.57984009e+08  | 1.58751481e-05      
2237  | 4.59068108e+08  | 1.59533965e-05      
2238  | 4.60083530e+08  | 1.51490742e-05      
2239  | 4.60945401e+08  | 1.68699537e-05      
2246  | 4.66098317e+08  | 1.42615488e-05      
2247  | 4.66671985e+08  | 1.46826116e-05      
2248  | 4.67167173e+08  | 1.54379921e-05      
2249  | 4.67858852e+08  | 1.82773596e-05      
2250  | 4.68520510e+08  | 1.54099418e-05      
2251  | 4.70503240e+08  | 1.54150249e-05      
2252  | 4.71650228e+08  | 1.48502434e-05      
2253  | 4.72614726e+08  | 1.90299465e-05      
2254  | 4.73523277e+08  | 1.61510535e-05      
2255  | 4.74133275e+08  | 1.51345181e-05      
2256  | 4.75149663e+08  | 1.29061921e-05      
2257  | 4.75529323e+08  | 1.36568034e-05      
2258  | 4.75620179e+08  | 1.35916154e-05      
2259  | 4.76404125e+08  | 1.63556162e-05      
2266  | 4.83488922e+08  | 1.70637185e-05      
2267  | 4.84059379e+08  | 1.62203102e-05      
2268  | 4.84938682e+08  | 1.21100577e-05      
2269  | 4.86533428e+08  | 1.38664221e-05      
2270  | 4.86636212e+08  | 1.46556796e-05      
2271  | 4.86830599e+08  | 1.51040526e-05      
2272  | 4.87958718e+08  | 1.68539999e-05      
2273  | 4.88488040e+08  | 1.66773931e-05      
2274  | 4.89882206e+08  | 1.59497908e-05      
2275  | 4.90390616e+08  | 1.40726934e-05      
2276  | 4.90720732e+08  | 1.68838155e-05      
2277  | 4.91489281e+08  | 1.43752596e-05      
2278  | 4.93459565e+08  | 1.60010623e-05      
2279  | 4.94640839e+08  | 1.49273876e-05      
2286  | 5.00564952e+08  | 1.48750814e-05      
2287  | 5.01160468e+08  | 1.59687556e-05      
2288  | 5.01752011e+08  | 1.49779737e-05      
2289  | 5.02879024e+08  | 1.32698948e-05      
2290  | 5.03199471e+08  | 1.36882233e-05      
2291  | 5.04888800e+08  | 1.57739490e-05      
2292  | 5.06493718e+08  | 1.38697751e-05      
2293  | 5.07688626e+08  | 1.55623149e-05      
2294  | 5.08321533e+08  | 1.41240216e-05      
2295  | 5.08556181e+08  | 1.52661047e-05      
2296  | 5.09646838e+08  | 1.39914275e-05      
2297  | 5.10023791e+08  | 1.33133667e-05      
2298  | 5.10338780e+08  | 1.52126913e-05      
2299  | 5.11425017e+08  | 1.22039863e-05      
2306  | 5.19121929e+08  | 1.38865891e-05      
2307  | 5.19914579e+08  | 1.45018864e-05      
2308  | 5.20640404e+08  | 1.41311859e-05      
2309  | 5.22871113e+08  | 1.41020258e-05      
2310  | 5.23878148e+08  | 1.41655774e-05      
2311  | 5.24202737e+08  | 1.44273440e-05      
2312  | 5.26157899e+08  | 1.49092566e-05      
2313  | 5.26703341e+08  | 1.43242762e-05      
2314  | 5.27522029e+08  | 1.24459687e-05      
2315  | 5.28335196e+08  | 1.25213092e-05      
2316  | 5.28722771e+08  | 1.42950126e-05      
2317  | 5.29571564e+08  | 1.36105793e-05      
2318  | 5.30186156e+08  | 1.29788716e-05      
2319  | 5.30650554e+08  | 1.33876481e-05      
2326  | 5.37807360e+08  | 1.27123949e-05      
2327  | 5.39400154e+08  | 1.34481795e-05      
2328  | 5.40790199e+08  | 1.24863359e-05      
2329  | 5.41175010e+08  | 1.42799374e-05      
2330  | 5.42663344e+08  | 1.29464794e-05      
2331  | 5.43089657e+08  | 1.44366270e-05      
2332  | 5.43412904e+08  | 1.32187612e-05      
2333  | 5.43971976e+08  | 1.28294544e-05      
2334  | 5.46364001e+08  | 1.43062716e-05      
2335  | 5.47132767e+08  | 1.34922609e-05      
2336  | 5.48196555e+08  | 1.35879990e-05      
2337  | 5.49319679e+08  | 1.01284167e-05      
2338  | 5.50214801e+08  | 1.56535322e-05      
2339  | 5.51847813e+08  | 1.42697794e-05      
2346  | 5.58942154e+08  | 1.25189514e-05      
2347  | 5.60152637e+08  | 1.37043501e-05      
2348  | 5.61564093e+08  | 1.35066633e-05      
2349  | 5.62563569e+08  | 1.22867609e-05      
2350  | 5.62949108e+08  | 1.43502492e-05      
2351  | 5.63628596e+08  | 1.24121826e-05      
2352  | 5.64655010e+08  | 1.25986539e-05      
2353  | 5.65440886e+08  | 1.46468868e-05      
2354  | 5.66824364e+08  | 1.30296728e-05      
2355  | 5.67639252e+08  | 1.07270747e-05      
2356  | 5.68850533e+08  | 1.18668518e-05      
2357  | 5.69599868e+08  | 1.16551228e-05      
2358  | 5.71748804e+08  | 1.16801117e-05      
2359  | 5.72335321e+08  | 1.29512951e-05      
2366  | 5.81253432e+08  | 1.10900672e-05      
2367  | 5.82551264e+08  | 1.50308268e-05      
2368  | 5.84166480e+08  | 1.37474910e-05      
2369  | 5.85799351e+08  | 1.40995965e-05      
2370  | 5.86574615e+08  | 1.37926058e-05      
2371  | 5.89301614e+08  | 1.29133129e-05      
2372  | 5.90671490e+08  | 1.17649980e-05      
2373  | 5.92518380e+08  | 1.06835912e-05      
2374  | 5.94600849e+08  | 1.19437977e-05      
2375  | 5.96818740e+08  | 1.31971826e-05      
2376  | 5.97459672e+08  | 1.39938986e-05      
2377  | 5.99125812e+08  | 1.23018878e-05      
2378  | 5.99437862e+08  | 1.05361522e-05      
2379  | 5.99863341e+08  | 1.14460618e-05      
2386  | 6.07976055e+08  | 1.26900381e-05      
2387  | 6.09983313e+08  | 1.03971116e-05      
2388  | 6.10837477e+08  | 1.19191497e-05      
2389  | 6.11193322e+08  | 1.07668233e-05      
2390  | 6.12738756e+08  | 1.09919136e-05      
2391  | 6.13205030e+08  | 1.30988996e-05      
2392  | 6.14033092e+08  | 1.17103010e-05      
2393  | 6.14718038e+08  | 1.12688921e-05      
2394  | 6.18019872e+08  | 1.11084200e-05      
2395  | 6.18584671e+08  | 1.10543626e-05      
2396  | 6.19507487e+08  | 1.28271268e-05      
2397  | 6.21441080e+08  | 1.19450354e-05      
2398  | 6.21621238e+08  | 1.06102050e-05      
2399  | 6.22607578e+08  | 1.17678631e-05      
2406  | 6.30914248e+08  | 1.23368411e-05      
2407  | 6.32186768e+08  | 1.21216500e-05      
2408  | 6.33647219e+08  | 1.12823852e-05      
2409  | 6.34042638e+08  | 9.37062179e-06      
2410  | 6.35765644e+08  | 1.23576202e-05      
2411  | 6.36886804e+08  | 1.08569078e-05      
2412  | 6.38238609e+08  | 1.15651806e-05      
2413  | 6.38847481e+08  | 1.22547280e-05      
2414  | 6.39539730e+08  | 1.01761677e-05      
2415  | 6.41937425e+08  | 1.17622927e-05      
2416  | 6.42500124e+08  | 1.15995109e-05      
2417  | 6.44098938e+08  | 1.33531322e-05      
2418  | 6.45750775e+08  | 1.09665569e-05      
2419  | 6.47703736e+08  | 1.19929925e-05      
2426  | 6.57053780e+08  | 1.06016909e-05      
2427  | 6.59874769e+08  | 1.00875120e-05      
2428  | 6.60695053e+08  | 1.21094216e-05      
2429  | 6.61350926e+08  | 1.11143806e-05      
2430  | 6.62328861e+08  | 1.00640998e-05      
2431  | 6.63192979e+08  | 1.12044936e-05      
2432  | 6.64018866e+08  | 1.16909275e-05      
2433  | 6.64854857e+08  | 1.07459634e-05      
2434  | 6.65526178e+08  | 9.06306048e-06      
2435  | 6.66911443e+08  | 1.12340969e-05      
2436  | 6.67795663e+08  | 1.05155181e-05      
2437  | 6.69526970e+08  | 9.78984780e-06      
2438  | 6.70026749e+08  | 1.13895995e-05      
2439  | 6.72659834e+08  | 1.09279919e-05      
2446  | 6.83001078e+08  | 9.96399926e-06      
2447  | 6.84720939e+08  | 1.15779859e-05      
2448  | 6.85209961e+08  | 8.88077267e-06      
2449  | 6.86151436e+08  | 1.02509824e-05      
2450  | 6.87638003e+08  | 1.11750191e-05      
2451  | 6.88767608e+08  | 1.07909854e-05      
2452  | 6.90185868e+08  | 1.17532906e-05      
2453  | 6.92734525e+08  | 1.17596436e-05      
2454  | 6.94280086e+08  | 1.12027543e-05      
2455  | 6.95202165e+08  | 9.77912894e-06      
2456  | 6.97862049e+08  | 1.00049724e-05      
2457  | 6.99415222e+08  | 1.08035223e-05      
2458  | 7.01110702e+08  | 9.57623297e-06      
2459  | 7.02104524e+08  | 7.77007372e-06      
2466  | 7.13467565e+08  | 1.09945768e-05      
2467  | 7.13708380e+08  | 1.04459361e-05      
2468  | 7.15315231e+08  | 1.01643813e-05      
2469  | 7.16369769e+08  | 1.26736082e-05      
2470  | 7.17252930e+08  | 7.80018296e-06      
2471  | 7.20459406e+08  | 1.18844500e-05      
2472  | 7.20909117e+08  | 1.09477730e-05      
2473  | 7.22363117e+08  | 1.19658229e-05      
2474  | 7.23880163e+08  | 1.05036349e-05      
2475  | 7.24825174e+08  | 1.12320017e-05      
2476  | 7.26435650e+08  | 1.32572760e-05      
2477  | 7.28786461e+08  | 8.31917592e-06      
2478  | 7.29742650e+08  | 1.00045380e-05      
2479  | 7.30537866e+08  | 1.09091673e-05      
2486  | 7.41958213e+08  | 1.04016284e-05      
2487  | 7.43755713e+08  | 9.99624795e-06      
2488  | 7.45916165e+08  | 1.18017899e-05      
2489  | 7.46914579e+08  | 9.17575641e-06      
2490  | 7.47448514e+08  | 1.08574962e-05      
2491  | 7.48772587e+08  | 1.22949429e-05      
2492  | 7.50293797e+08  | 1.13909633e-05      
2493  | 7.50946418e+08  | 9.94728946e-06      
2494  | 7.51468500e+08  | 9.99067965e-06      
2495  | 7.53171165e+08  | 1.16785961e-05      
2496  | 7.56018006e+08  | 1.14770942e-05      
2497  | 7.56899798e+08  | 1.01412432e-05      
2498  | 7.58004280e+08  | 1.02795285e-05      
2499  | 7.59170314e+08  | 1.15941759e-05      
2506  | 7.68302647e+08  | 1.20312177e-05      
2507  | 7.70865054e+08  | 9.74646522e-06      
2508  | 7.71668381e+08  | 1.02869737e-05      
2509  | 7.73461303e+08  | 9.05180780e-06      
2510  | 7.74642753e+08  | 9.85449623e-06      
2511  | 7.75826967e+08  | 8.59999263e-06      
2512  | 7.77235112e+08  | 9.01944089e-06      
2513  | 7.78610535e+08  | 1.06310252e-05      
2514  | 7.80551332e+08  | 9.55847263e-06      
2515  | 7.81964734e+08  | 9.96426749e-06      
2516  | 7.82387282e+08  | 8.67091448e-06      
2517  | 7.84337962e+08  | 1.03500424e-05      
2518  | 7.86894127e+08  | 1.03898637e-05      
2519  | 7.89094321e+08  | 8.10571810e-06      
2526  | 7.97562108e+08  | 9.87050561e-06      
2527  | 7.98302106e+08  | 9.64800924e-06      
2528  | 7.98528380e+08  | 8.66290480e-06      
2529  | 7.99982448e+08  | 9.84469784e-06      
2530  | 8.02769896e+08  | 9.86102686e-06      
2531  | 8.04861670e+08  | 1.10497108e-05      
2532  | 8.05481483e+08  | 7.91134842e-06      
2533  | 8.05779266e+08  | 8.33169250e-06      
2534  | 8.06679661e+08  | 1.00898024e-05      
2535  | 8.09444537e+08  | 9.38688736e-06      
2536  | 8.10520798e+08  | 9.10839297e-06      
2537  | 8.11589714e+08  | 8.89415263e-06      
2538  | 8.12186230e+08  | 9.97320746e-06      
2539  | 8.14225397e+08  | 9.29704459e-06      
2546  | 8.21559609e+08  | 1.11239558e-05      
2547  | 8.23066979e+08  | 9.06131506e-06      
2548  | 8.24184273e+08  | 8.72320405e-06      
2549  | 8.25180171e+08  | 1.01800923e-05      
2550  | 8.27472435e+08  | 8.86780234e-06      
2551  | 8.28215952e+08  | 8.11893735e-06      
2552  | 8.29350141e+08  | 7.94241638e-06      
2553  | 8.30420396e+08  | 9.05107166e-06      
2554  | 8.31466659e+08  | 8.94121899e-06      
2555  | 8.32747197e+08  | 9.97282887e-06      
2556  | 8.33326455e+08  | 9.31341618e-06      
2557  | 8.35380107e+08  | 9.17011651e-06      
2558  | 8.36215834e+08  | 9.82152851e-06      
2559  | 8.37221181e+08  | 8.19261287e-06      
2566  | 8.52250572e+08  | 8.74570429e-06      
2567  | 8.53132387e+08  | 9.90040523e-06      
2568  | 8.53719177e+08  | 8.33792548e-06      
2569  | 8.56078611e+08  | 9.18294549e-06      
2570  | 8.59313932e+08  | 7.68561831e-06      
2571  | 8.59970347e+08  | 8.91891522e-06      
2572  | 8.60934803e+08  | 7.58707493e-06      
2573  | 8.63878866e+08  | 8.85085621e-06      
2574  | 8.64045355e+08  | 7.74822404e-06      
2575  | 8.65768357e+08  | 9.40295696e-06      
2576  | 8.68094484e+08  | 9.07992351e-06      
2577  | 8.69514178e+08  | 9.23103875e-06      
2578  | 8.72060035e+08  | 7.41115055e-06      
2579  | 8.73279503e+08  | 9.24365564e-06      
2586  | 8.86055502e+08  | 8.19704035e-06      
2587  | 8.88176204e+08  | 8.62363104e-06      
2588  | 8.89314252e+08  | 8.49898808e-06      
2589  | 8.92612442e+08  | 8.65269582e-06      
2590  | 8.93809121e+08  | 7.18772540e-06      
2591  | 8.96967013e+08  | 8.78170698e-06      
2592  | 8.98051503e+08  | 8.59071225e-06      
2593  | 8.98775211e+08  | 8.60516232e-06      
2594  | 9.00031988e+08  | 9.26567345e-06      
2595  | 9.01877815e+08  | 8.19611571e-06      
2596  | 9.03448248e+08  | 7.36866607e-06      
2597  | 9.05917264e+08  | 7.39396902e-06      
2598  | 9.09267547e+08  | 7.65623418e-06      
2599  | 9.09535985e+08  | 8.37150734e-06      
2606  | 9.24404849e+08  | 6.81511023e-06      
2607  | 9.25689791e+08  | 8.09203128e-06      
2608  | 9.28153910e+08  | 7.79264052e-06      
2609  | 9.28701680e+08  | 8.78349787e-06      
2610  | 9.30419184e+08  | 7.20437045e-06      
2611  | 9.32857218e+08  | 7.21652946e-06      
2612  | 9.34141813e+08  | 7.64350843e-06      
2613  | 9.36622331e+08  | 7.66792623e-06      
2614  | 9.37484961e+08  | 8.87356894e-06      
2615  | 9.39042739e+08  | 7.74728400e-06      
2616  | 9.39847301e+08  | 8.16618377e-06      
2617  | 9.43969154e+08  | 8.96511151e-06      
2618  | 9.46142254e+08  | 7.13201757e-06      
2619  | 9.47881769e+08  | 7.71310356e-06      
2626  | 9.60313931e+08  | 7.14636801e-06      
2627  | 9.66592711e+08  | 7.77770792e-06      
2628  | 9.69635157e+08  | 7.92185303e-06      
2629  | 9.71481649e+08  | 8.13452410e-06      
2630  | 9.72350478e+08  | 8.24387144e-06      
2631  | 9.74043562e+08  | 9.76547933e-06      
2632  | 9.75064421e+08  | 8.05020990e-06      
2633  | 9.76839262e+08  | 7.74802284e-06      
2634  | 9.77902513e+08  | 7.52688066e-06      
2635  | 9.79722674e+08  | 7.73374114e-06      
2636  | 9.80885641e+08  | 7.94060699e-06      
2637  | 9.82161819e+08  | 8.16930625e-06      
2638  | 9.85547207e+08  | 7.53140557e-06      
2639  | 9.86603576e+08  | 6.31314990e-06      
2646  | 1.00232268e+09  | 7.80695865e-06      
2647  | 1.00390966e+09  | 8.88374359e-06      
2648  | 1.00864269e+09  | 7.92767480e-06      
2649  | 1.01030250e+09  | 8.00445018e-06      
2650  | 1.01267607e+09  | 7.89510716e-06      
2651  | 1.01519369e+09  | 7.93540731e-06      
2652  | 1.01849146e+09  | 8.41664593e-06      
2653  | 1.02084475e+09  | 8.36846655e-06      
2654  | 1.02193409e+09  | 8.53085430e-06      
2655  | 1.02462371e+09  | 7.52189301e-06      
2656  | 1.02588575e+09  | 7.32382838e-06      
2657  | 1.02739086e+09  | 8.38158196e-06      
2658  | 1.02823423e+09  | 7.70711581e-06      
2659  | 1.02872001e+09  | 6.70697046e-06      
2666  | 1.04836913e+09  | 8.12359929e-06      
2667  | 1.05053433e+09  | 6.79131190e-06      
2668  | 1.05389023e+09  | 6.30600887e-06      
2669  | 1.05762366e+09  | 8.69598068e-06      
2670  | 1.05964038e+09  | 6.90595271e-06      
2671  | 1.06262986e+09  | 8.19482154e-06      
2672  | 1.06319012e+09  | 7.28098893e-06      
2673  | 1.06478251e+09  | 7.55290280e-06      
2674  | 1.06632000e+09  | 8.31558858e-06      
2675  | 1.06953808e+09  | 8.61014743e-06      
2676  | 1.07183177e+09  | 7.26706250e-06      
2677  | 1.07339215e+09  | 8.25602198e-06      
2678  | 1.07712083e+09  | 7.05049860e-06      
2679  | 1.07808303e+09  | 6.95184608e-06      
2686  | 1.09041107e+09  | 7.63807605e-06      
2687  | 1.09449297e+09  | 7.75230298e-06      
2688  | 1.09597859e+09  | 7.82601462e-06      
2689  | 1.09777935e+09  | 7.27626775e-06      
2690  | 1.09882452e+09  | 7.74763864e-06      
2691  | 1.10390836e+09  | 6.26759001e-06      
2692  | 1.10542166e+09  | 6.70847790e-06      
2693  | 1.10554919e+09  | 6.31550603e-06      
2694  | 1.10954100e+09  | 6.83746608e-06      
2695  | 1.11093873e+09  | 7.18697716e-06      
2696  | 1.11326367e+09  | 6.33247101e-06      
2697  | 1.11652266e+09  | 5.94804594e-06      
2698  | 1.11751666e+09  | 8.96154620e-06      
2699  | 1.11937620e+09  | 6.88094308e-06      
2706  | 1.13092654e+09  | 6.51233082e-06      
2707  | 1.13234708e+09  | 6.99904038e-06      
2708  | 1.13374522e+09  | 7.10538477e-06      
2709  | 1.13550814e+09  | 7.73536400e-06      
2710  | 1.13840472e+09  | 6.62310781e-06      
2711  | 1.14080021e+09  | 7.09388151e-06      
2712  | 1.14207621e+09  | 7.36880660e-06      
2713  | 1.14365814e+09  | 7.58822193e-06      
2714  | 1.14600078e+09  | 8.41459859e-06      
2715  | 1.14613890e+09  | 8.43737528e-06      
2716  | 1.14893304e+09  | 6.75199400e-06      
2717  | 1.14995660e+09  | 6.06482239e-06      
2718  | 1.15161792e+09  | 7.26059293e-06      
2719  | 1.15259338e+09  | 6.59726816e-06      
2726  | 1.16808387e+09  | 5.88725796e-06      
2727  | 1.16821384e+09  | 6.98189363e-06      
2728  | 1.17174425e+09  | 7.81945668e-06      
2729  | 1.17388762e+09  | 5.32002452e-06      
2730  | 1.17665887e+09  | 7.31427113e-06      
2731  | 1.17781173e+09  | 5.31241187e-06      
2732  | 1.17985410e+09  | 6.42667364e-06      
2733  | 1.18156080e+09  | 5.66947498e-06      
2734  | 1.18196941e+09  | 6.19850763e-06      
2735  | 1.18443006e+09  | 6.60934996e-06      
2736  | 1.18506472e+09  | 5.44515136e-06      
2737  | 1.18596390e+09  | 6.22319449e-06      
2738  | 1.18720088e+09  | 5.49920024e-06      
2739  | 1.18940767e+09  | 5.86561429e-06      
2746  | 1.20222311e+09  | 6.55568263e-06      
2747  | 1.20427231e+09  | 5.72866174e-06      
2748  | 1.20469483e+09  | 6.58185614e-06      
2749  | 1.20649383e+09  | 6.83143972e-06      
2750  | 1.20946729e+09  | 6.36865415e-06      
2751  | 1.21184107e+09  | 6.53113892e-06      
2752  | 1.21557669e+09  | 5.82892572e-06      
2753  | 1.21730424e+09  | 6.71028138e-06      
2754  | 1.21960091e+09  | 7.25577486e-06      
2755  | 1.22127697e+09  | 5.88774872e-06      
2756  | 1.22555753e+09  | 6.47388309e-06      
2757  | 1.22728567e+09  | 6.72268559e-06      
2758  | 1.22783446e+09  | 6.48454199e-06      
2759  | 1.22848611e+09  | 6.59743857e-06      
2766  | 1.24644566e+09  | 6.11342000e-06      
2767  | 1.24755961e+09  | 7.21574377e-06      
2768  | 1.24878607e+09  | 6.63358235e-06      
2769  | 1.24994632e+09  | 6.11592593e-06      
2770  | 1.25079900e+09  | 6.23294013e-06      
2771  | 1.25373001e+09  | 5.79742165e-06      
2772  | 1.25458538e+09  | 6.67154486e-06      
2773  | 1.25559242e+09  | 6.10890954e-06      
2774  | 1.25762349e+09  | 5.64457954e-06      
2775  | 1.26030834e+09  | 5.58097141e-06      
2776  | 1.26273831e+09  | 6.20340574e-06      
2777  | 1.26410771e+09  | 6.18377381e-06      
2778  | 1.26688322e+09  | 5.67975888e-06      
2779  | 1.26791679e+09  | 6.26840566e-06      
2786  | 1.28440872e+09  | 6.25742668e-06      
2787  | 1.28565014e+09  | 4.41876319e-06      
2788  | 1.28847862e+09  | 6.48348286e-06      
2789  | 1.28934033e+09  | 5.45235717e-06      
2790  | 1.29098080e+09  | 7.04375373e-06      
2791  | 1.29271621e+09  | 5.48317072e-06      
2792  | 1.29482661e+09  | 5.73314692e-06      
2793  | 1.29710138e+09  | 6.02761480e-06      
2794  | 1.30062251e+09  | 5.98331216e-06      
2795  | 1.30122533e+09  | 6.08332665e-06      
2796  | 1.30354201e+09  | 6.01152903e-06      
2797  | 1.30485575e+09  | 5.93636971e-06      
2798  | 1.30807365e+09  | 5.76096575e-06      
2799  | 1.31003356e+09  | 6.00698836e-06      
2806  | 1.32352715e+09  | 5.83285376e-06      
2807  | 1.32477586e+09  | 6.29329232e-06      
2808  | 1.32609946e+09  | 5.85576233e-06      
2809  | 1.32925208e+09  | 6.11077958e-06      
2810  | 1.33307123e+09  | 5.53676500e-06      
2811  | 1.33539794e+09  | 6.24677921e-06      
2812  | 1.33686222e+09  | 5.91184630e-06      
2813  | 1.33837818e+09  | 5.20914954e-06      
2814  | 1.34058396e+09  | 5.42222109e-06      
2815  | 1.34363869e+09  | 5.81794182e-06      
2816  | 1.34667717e+09  | 6.83893503e-06      
2817  | 1.34883953e+09  | 5.38742187e-06      
2818  | 1.35078899e+09  | 5.46540982e-06      
2819  | 1.35271489e+09  | 5.45489320e-06      
2826  | 1.37437281e+09  | 5.47697319e-06      
2827  | 1.37913225e+09  | 6.02233359e-06      
2828  | 1.38200215e+09  | 5.56783295e-06      
2829  | 1.38468203e+09  | 5.73763162e-06      
2830  | 1.38670366e+09  | 5.47329220e-06      
2831  | 1.38971764e+09  | 5.60206483e-06      
2832  | 1.39349933e+09  | 5.34598401e-06      
2833  | 1.39464518e+09  | 5.01910587e-06      
2834  | 1.39640025e+09  | 5.28123917e-06      
2835  | 1.39712157e+09  | 5.77116440e-06      
2836  | 1.40216511e+09  | 5.96619151e-06      
2837  | 1.40520780e+09  | 6.09962454e-06      
2838  | 1.40752161e+09  | 5.15442443e-06      
2839  | 1.41093277e+09  | 5.81530740e-06      
2846  | 1.43079825e+09  | 5.74853327e-06      
2847  | 1.43243914e+09  | 5.03289847e-06      
2848  | 1.43349035e+09  | 5.86991658e-06      
2849  | 1.43512922e+09  | 5.31105521e-06      
2850  | 1.43801980e+09  | 5.44457168e-06      
2851  | 1.44004134e+09  | 5.17742436e-06      
2852  | 1.44289317e+09  | 4.99345116e-06      
2853  | 1.44659027e+09  | 4.45438587e-06      
2854  | 1.45436983e+09  | 5.71781168e-06      
2855  | 1.45694866e+09  | 4.66826040e-06      
2856  | 1.45875671e+09  | 4.65434872e-06      
2857  | 1.46049417e+09  | 5.09716060e-06      
2858  | 1.46610543e+09  | 5.12860657e-06      
2859  | 1.46868648e+09  | 5.23859783e-06      
2866  | 1.48476548e+09  | 5.76037907e-06      
2867  | 1.48784300e+09  | 5.00891222e-06      
2868  | 1.49064922e+09  | 5.16612228e-06      
2869  | 1.49485281e+09  | 5.21759578e-06      
2870  | 1.49694146e+09  | 4.93073566e-06      
2871  | 1.49707156e+09  | 4.75382271e-06      
2872  | 1.50028622e+09  | 5.03696019e-06      
2873  | 1.50186997e+09  | 5.20340605e-06      
2874  | 1.50338114e+09  | 4.98258958e-06      
2875  | 1.50579253e+09  | 5.25710730e-06      
2876  | 1.50940188e+09  | 5.56312383e-06      
2877  | 1.51428441e+09  | 5.43950007e-06      
2878  | 1.51789022e+09  | 5.16180702e-06      
2879  | 1.52017587e+09  | 5.10354739e-06      
2886  | 1.53542566e+09  | 4.84168701e-06      
2887  | 1.53693918e+09  | 5.78298794e-06      
2888  | 1.53814612e+09  | 5.00308009e-06      
2889  | 1.54158160e+09  | 4.81776492e-06      
2890  | 1.54359639e+09  | 5.00485101e-06      
2891  | 1.54745775e+09  | 5.36072539e-06      
2892  | 1.54928672e+09  | 5.28199904e-06      
2893  | 1.55229570e+09  | 4.95278878e-06      
2894  | 1.55395821e+09  | 4.72473897e-06      
2895  | 1.55725312e+09  | 5.14424440e-06      
2896  | 1.56054980e+09  | 4.89113390e-06      
2897  | 1.56460673e+09  | 5.07000141e-06      
2898  | 1.57242322e+09  | 4.88894617e-06      
2899  | 1.57295875e+09  | 4.73872363e-06      
2906  | 1.58969090e+09  | 5.30350980e-06      
2907  | 1.59136232e+09  | 4.92131983e-06      
2908  | 1.59183355e+09  | 5.08299658e-06      
2909  | 1.59414987e+09  | 5.14869175e-06      
2910  | 1.59458791e+09  | 4.87666801e-06      
2911  | 1.59918809e+09  | 4.99471782e-06      
2912  | 1.60159757e+09  | 4.62396333e-06      
2913  | 1.60269074e+09  | 4.64375023e-06      
2914  | 1.60672266e+09  | 5.47849855e-06      
2915  | 1.60748578e+09  | 4.61361968e-06      
2916  | 1.60836193e+09  | 4.95851195e-06      
2917  | 1.60923458e+09  | 4.50360026e-06      
2918  | 1.61185829e+09  | 4.65584385e-06      
2919  | 1.61391210e+09  | 5.08072048e-06      
2926  | 1.62701645e+09  | 4.83831821e-06      
2927  | 1.63080980e+09  | 5.17826121e-06      
2928  | 1.63128945e+09  | 4.08585960e-06      
2929  | 1.63536037e+09  | 4.79394953e-06      
2930  | 1.63727951e+09  | 4.75770403e-06      
2931  | 1.63924622e+09  | 4.43905384e-06      
2932  | 1.64195521e+09  | 4.65893552e-06      
2933  | 1.64691794e+09  | 4.99703451e-06      
2934  | 1.65104916e+09  | 4.71150491e-06      
2935  | 1.65465093e+09  | 4.87431722e-06      
2936  | 1.65518562e+09  | 4.61507856e-06      
2937  | 1.65722926e+09  | 4.36147545e-06      
2938  | 1.65903823e+09  | 4.52176584e-06      
2939  | 1.66307447e+09  | 4.37471288e-06      
2946  | 1.68652373e+09  | 4.13076881e-06      
2947  | 1.68836632e+09  | 4.23378829e-06      
2948  | 1.68903485e+09  | 4.58225763e-06      
2949  | 1.69210012e+09  | 4.38271042e-06      
2950  | 1.69858909e+09  | 4.56451815e-06      
2951  | 1.70045114e+09  | 4.85759665e-06      
2952  | 1.70568206e+09  | 4.72896811e-06      
2953  | 1.70828774e+09  | 4.53425559e-06      
2954  | 1.71066723e+09  | 4.81240513e-06      
2955  | 1.71611122e+09  | 4.60398471e-06      
2956  | 1.72112656e+09  | 4.29497751e-06      
2957  | 1.72358048e+09  | 4.51785107e-06      
2958  | 1.72784844e+09  | 3.83008163e-06      
2959  | 1.73098345e+09  | 4.50469396e-06      
2966  | 1.75765703e+09  | 4.40244399e-06      
2967  | 1.76000920e+09  | 4.34391337e-06      
2968  | 1.76328659e+09  | 4.24043366e-06      
2969  | 1.76638322e+09  | 4.08941390e-06      
2970  | 1.77041871e+09  | 4.72542982e-06      
2971  | 1.77562849e+09  | 4.06401971e-06      
2972  | 1.77950240e+09  | 4.41051505e-06      
2973  | 1.78218043e+09  | 4.42265393e-06      
2974  | 1.78566059e+09  | 4.13553410e-06      
2975  | 1.79112061e+09  | 4.74827471e-06      
2976  | 1.79359554e+09  | 4.19676525e-06      
2977  | 1.79569213e+09  | 3.74448506e-06      
2978  | 1.79642382e+09  | 5.05591340e-06      
2979  | 1.80571438e+09  | 4.12678982e-06      
2986  | 1.82711111e+09  | 4.37946720e-06      
2987  | 1.82840807e+09  | 4.19086965e-06      
2988  | 1.83274991e+09  | 4.35544636e-06      
2989  | 1.84097723e+09  | 3.70740557e-06      
2990  | 1.84164954e+09  | 4.12144710e-06      
2991  | 1.84694449e+09  | 4.81013868e-06      
2992  | 1.84946431e+09  | 3.73133546e-06      
2993  | 1.85549279e+09  | 4.10485699e-06      
2994  | 1.85805481e+09  | 4.03740391e-06      
2995  | 1.86235577e+09  | 4.05296331e-06      
2996  | 1.86967094e+09  | 3.74865876e-06      
2997  | 1.87465268e+09  | 4.06590371e-06      
2998  | 1.87681680e+09  | 3.89072487e-06      
2999  | 1.87953822e+09  | 3.86521054e-06      
