1
9.27355
8.30032
5.67964
9.1492
6.72693
6.31871
8.75997
6.59976
5.53133
8.22685
6.01848
5.80107
7.65971
4.93269
5.69301
6.56507
3.99638
5.45669
5.54455
3.75382
5.90811
4.95786
3.33562
5.16143
4.32852
4.10836
5.58772
3.93743
4.75462
5.53648
3.7387
5.25415
4.9812
3.6866
5.40738
4.35521
4.05913
5.48036
4.05793
4.54807
5.53547
3.73448
4.83687
4.74179
3.17238
4.55327
3.88538
2.95761
3.93913
2.85608
2.78831
3.3387
2.21909
2.70468
2.83628
1.8798
2.61545
2.38031
1.68731
2.23094
2.1166
1.49386
2.04853
1.64204
1.29732
1.65964
1.13442
1.1052
1.24568
0.797393
0.960911
0.939717
0.659441
0.919467
0.801538
0.668479
0.914356
0.698238
0.737573
0.878949
0.620638
0.802002
0.79036
0.598923
0.812291
0.684893
0.6376
0.813573
0.61113
0.693975
0.75474
0.535423
0.681042
0.610384
0.466527
0.596502
0.457696
0.423902
0.49859
0.354114
0.398432
0.413208
0.292777
0.355154
0.360955
0.263313
0.321498
0.317683
0.243696
0.319305
0.269899
0.246447
0.312205
0.235579
0.257078
0.283913
0.204924
0.247063
0.24268
0.183555
0.227393
0.210695
0.174837
0.22578
0.182801
0.178885
0.207449
0.150853
0.175722
0.173709
0.129493
0.163928
0.137026
0.120741
0.14599
0.108171
0.115047
0.118364
0.0853977
0.10444
0.0960974
0.0735795
0.0913266
0.0780891
0.0662364
0.0820164
0.0633962
0.0646422
0.0723263
0.0542935
0.0609044
0.0679745
0.052644
0.0597298
0.0614385
0.04796
0.0607419
0.0541022
0.0495624
0.0618507
0.0495276
0.0550732
0.0601922
0.0466403
0.0559913
0.0562892
0.0450243
0.0570106
0.0516304
0.0455964
0.0560668
0.0445238
0.0472737
0.0527613
0.0392748
0.0474522
0.045063
0.0360011
0.0457095
0.0372461
0.0368637
0.0435495
0.0329855
0.0393096
0.0392041
0.0302602
0.0385284
0.0327342
0.0295914
0.0349821
0.0262314
0.0281889
0.0287517
0.020966
0.0238181
0.0244105
0.0178865
0.0208179
0.0204316
0.015382
0.0194066
0.0162769
0.0141457
0.0171677
0.0131405
0.0128978
0.0148449
0.0108605
0.0125182
0.0126232
0.00932776
0.0113167
0.010891
0.0084134
0.0109337
0.00935631
0.00845776
0.0105898
0.00810168
0.00904621
0.00988802
0.00749114
0.00964636
0.00927918
0.00779342
0.0100937
0.00878852
0.00847189
0.0105494
0.00838369
0.00949199
0.0102266
0.00779854
0.00998632
0.00909948
0.00798869
0.0101102
0.00800012
0.0086977
0.00981152
0.0074696
0.00936417
0.0091182
0.00725531
0.0087235
0.00885317
0.0068738
0.00859253
0.0081032
0.00647402
0.00803662
0.0069078
0.00619094
0.00736948
0.00566101
0.00589105
0.00640925
0.00472983
0.00538776
0.00528565
0.0040232
0.00495428
0.00418544
0.00364972
0.00431696
0.00326593
0.00342406
0.0036579
0.00272688
0.00316301
0.00302753
0.00240468
0.00289536
0.00244113
0.00224899
0.00248564
0.00194871
0.00212284
0.00213833
0.00176543
0.00211775
0.00188941
0.00174401
0.00199933
0.00161544
0.00166185
0.00176238
0.00139464
0.0015
0.00152356
0.00122842
0.00132374
0.00135176
0.00106657
0.00119973
0.00114881
0.000943608
0.00110833
0.000970029
0.000873193
0.000994627
0.0007918
0.000813322
0.000823724
0.000657716
0.000743118
0.000670704
0.000574913
0.000640178
0.00056784
0.0005168
0.000573853
0.000484652
0.000488372
0.000505195
0.000416836
0.000468345
0.000445832
0.000388055
0.000454063
0.000403778
0.000378456
0.000425613
0.000349026
0.00036786
0.00037827
0.000313817
0.000366239
0.000337432
0.000308366
0.000358094
0.00030192
0.000320081
0.000341306
0.000286169
0.000300879
0.000327787
0.000266449
0.000291212
0.00029597
0.000242287
0.000282841
0.000251941
0.000222752
0.000254652
0.000206062
0.000208394
0.000221126
0.000178805
0.000207062
0.0002024
0.00017375
0.000208208
0.000195731
0.00018013
0.000216324
0.000190515
0.000194669
0.000221505
0.000185969
0.000211
0.000214471
0.000184115
0.000220797
0.000192754
0.000178916
0.000202593
0.000164314
0.000169972
0.00017664
0.000143882
0.000157388
0.000153589
0.000129326
0.000147782
0.000131858
0.000123091
0.00013592
0.000115153
0.00011144
0.000124114
0.00010634
0.00010614
0.000110795
9.18851e-05
0.00010032
9.76392e-05
8.35228e-05
9.51694e-05
8.80793e-05
7.89144e-05
8.95376e-05
7.61472e-05
7.52462e-05
8.07774e-05
6.66641e-05
7.30895e-05
7.27275e-05
6.04978e-05
6.87669e-05
6.07934e-05
5.50073e-05
6.1393e-05
5.13245e-05
5.00869e-05
5.54829e-05
4.47355e-05
4.84317e-05
5.02824e-05
4.11997e-05
4.71087e-05
4.61061e-05
3.92765e-05
4.62471e-05
4.15074e-05
3.89273e-05
4.36416e-05
3.54362e-05
3.72326e-05
3.76871e-05
3.07198e-05
3.52592e-05
3.11889e-05
2.77609e-05
3.13716e-05
2.92147e-05
2.61282e-05
3.00385e-05
2.53625e-05
2.5562e-05
2.74999e-05
2.24269e-05
2.51133e-05
2.4256e-05
2.0921e-05
2.40661e-05
2.13636e-05
2.01674e-05
2.28781e-05
1.93017e-05
1.95355e-05
2.11363e-05
1.71567e-05
1.92799e-05
1.85977e-05
1.60719e-05
1.85392e-05
1.57559e-05
1.53909e-05
1.67216e-05
1.33382e-05
1.45629e-05
1.42277e-05
1.15843e-05
1.33953e-05
1.21863e-05
1.03871e-05
1.21623e-05
1.02017e-05
9.59271e-06
1.06265e-05
8.16327e-06
8.96205e-06
8.72021e-06
6.93952e-06
8.30642e-06
7.03864e-06
6.05252e-06
7.16772e-06
6.44625e-06
5.65926e-06
6.61831e-06
5.32774e-06
5.37904e-06
5.83315e-06
4.54742e-06
5.1486e-06
5.05682e-06
4.10317e-06
4.90906e-06
4.27353e-06
3.87282e-06
4.50146e-06
3.71341e-06
3.74684e-06
4.01281e-06
3.14343e-06
3.52284e-06
3.30385e-06
2.74274e-06
3.18174e-06
2.84855e-06
2.57862e-06
2.98828e-06
2.59411e-06
2.4574e-06
2.76333e-06
2.28347e-06
2.38807e-06
2.40006e-06
1.9788e-06
2.21306e-06
1.96376e-06
1.7814e-06
1.94154e-06
1.60969e-06
1.65888e-06
1.67914e-06
1.40056e-06
1.56886e-06
1.47834e-06
1.29612e-06
1.44016e-06
1.33429e-06
1.17866e-06
1.34388e-06
1.23725e-06
1.12247e-06
1.28107e-06
1.11025e-06
1.09809e-06
1.18243e-06
9.77234e-07
1.05692e-06
1.06652e-06
8.82872e-07
9.96358e-07
9.56123e-07
8.25728e-07
9.48836e-07
8.44466e-07
7.9096e-07
8.97562e-07
7.62529e-07
7.65962e-07
8.11053e-07
6.5155e-07
7.16268e-07
6.83147e-07
5.68019e-07
6.44178e-07
5.672e-07
5.16608e-07
5.65186e-07
4.61075e-07
4.72635e-07
4.80557e-07
3.99432e-07
4.35432e-07
4.25171e-07
3.6952e-07
4.1161e-07
3.6079e-07
3.49132e-07
3.7952e-07
3.16983e-07
3.4204e-07
3.40728e-07
2.88067e-07
3.19493e-07
3.28321e-07
2.8302e-07
3.21959e-07
3.15946e-07
2.79304e-07
3.23807e-07
3.00494e-07
2.78031e-07
3.302e-07
2.91444e-07
2.89066e-07
3.24337e-07
2.71558e-07
2.96043e-07
3.09409e-07
2.59714e-07
3.02292e-07
2.81411e-07
2.57863e-07
2.96346e-07
2.47231e-07
2.5885e-07
2.68834e-07
2.2111e-07
2.45553e-07
2.33554e-07
2.02022e-07
2.29585e-07
2.00245e-07
1.8495e-07
2.10431e-07
1.81962e-07
1.74546e-07
1.9385e-07
1.5675e-07
1.66027e-07
1.66587e-07
1.35235e-07
1.54687e-07
1.40448e-07
1.21607e-07
1.41006e-07
1.19798e-07
1.14367e-07
1.23282e-07
1.02836e-07
1.00464e-07
1.11122e-07
9.12691e-08
9.35294e-08
9.72777e-08
7.77838e-08
8.5867e-08
8.333e-08
6.93289e-08
8.05655e-08
7.2492e-08
6.4501e-08
7.43567e-08
6.09768e-08
6.19631e-08
6.48473e-08
5.15988e-08
5.80824e-08
5.39077e-08
4.55042e-08
5.23564e-08
4.46586e-08
4.18644e-08
4.62611e-08
3.66188e-08
4.02236e-08
3.94786e-08
3.14284e-08
3.63272e-08
3.30156e-08
2.80205e-08
3.39312e-08
2.81592e-08
2.75315e-08
3.09046e-08
2.3826e-08
2.78705e-08
2.65091e-08
2.22451e-08
2.72961e-08
2.22483e-08
2.21444e-08
2.54944e-08
2.20352e-08
2.19659e-08
2.49666e-08
1.95595e-08
2.2479e-08
2.23774e-08
1.8459e-08
2.23613e-08
2.02205e-08
1.8794e-08
2.23512e-08
1.83944e-08
1.98993e-08
2.18821e-08
1.79666e-08
2.07545e-08
2.10424e-08
1.76268e-08
2.12751e-08
1.84119e-08
1.75645e-08
2.03839e-08
1.67039e-08
1.82921e-08
1.96492e-08
1.56491e-08
1.87744e-08
1.77023e-08
1.51615e-08
1.83127e-08
1.60431e-08
1.49971e-08
1.75722e-08
1.48941e-08
1.46711e-08
1.56198e-08
1.22265e-08
1.32722e-08
1.28088e-08
1.04003e-08
1.16348e-08
1.02505e-08
8.93756e-09
9.77797e-09
7.68061e-09
7.51515e-09
8.17285e-09
6.65166e-09
6.55324e-09
6.83119e-09
5.26713e-09
5.88654e-09
5.5077e-09
4.4389e-09
5.18949e-09
4.43503e-09
3.95011e-09
4.47591e-09
3.6017e-09
3.60009e-09
3.83426e-09
3.0481e-09
3.28738e-09
3.22234e-09
2.58377e-09
2.96782e-09
2.61127e-09
2.28862e-09
2.65742e-09
2.14783e-09
2.22087e-09
2.3178e-09
1.8189e-09
2.119e-09
1.88045e-09
1.66856e-09
1.88302e-09
1.50346e-09
1.61829e-09
1.65144e-09
1.31101e-09
1.51616e-09
1.39242e-09
1.21712e-09
1.43569e-09
1.20152e-09
1.18024e-09
1.2947e-09
1.07202e-09
1.03882e-09
1.1792e-09
9.61064e-10
1.00097e-09
1.01776e-09
8.17685e-10
9.40004e-10
8.44684e-10
7.29939e-10
8.63365e-10
7.49984e-10
7.00044e-10
8.16618e-10
6.53749e-10
7.1714e-10
7.46844e-10
6.00474e-10
7.19512e-10
6.79732e-10
5.87248e-10
7.04723e-10
6.09372e-10
5.82601e-10
6.79102e-10
5.48085e-10
5.96273e-10
6.12083e-10
4.9498e-10
5.82718e-10
5.28706e-10
4.59547e-10
5.40964e-10
4.61936e-10
4.31737e-10
4.84681e-10
3.80811e-10
3.99807e-10
4.09411e-10
3.19934e-10
3.59121e-10
3.51182e-10
2.78868e-10
3.24357e-10
2.87229e-10
2.40399e-10
2.76409e-10
2.56221e-10
2.12851e-10
2.48152e-10
2.16742e-10
1.9903e-10
2.24618e-10
1.81754e-10
1.86965e-10
1.88281e-10
1.48824e-10
1.69782e-10
1.51283e-10
1.32094e-10
1.47256e-10
1.18672e-10
1.21428e-10
1.28023e-10
1.02294e-10
1.19723e-10
1.09517e-10
9.64608e-11
1.1354e-10
9.40925e-11
9.64082e-11
1.06145e-10
8.30298e-11
9.41451e-11
8.81417e-11
7.24623e-11
8.41016e-11
6.87814e-11
6.68822e-11
7.26174e-11
5.5212e-11
6.32201e-11
6.05045e-11
4.85895e-11
6.05001e-11
4.99821e-11
4.51529e-11
5.29248e-11
4.5435e-11
4.00166e-11
4.81221e-11
3.59754e-11
3.70926e-11
3.98163e-11
2.94492e-11
3.38012e-11
3.26783e-11
2.51398e-11
3.03537e-11
2.61076e-11
2.22636e-11
2.64356e-11
2.00128e-11
2.06356e-11
2.15966e-11
1.53887e-11
1.83527e-11
1.68569e-11
1.30419e-11
1.6335e-11
1.26797e-11
1.19289e-11
1.38491e-11
1.02214e-11
1.07481e-11
1.14147e-11
8.00742e-12
9.49103e-12
9.07068e-12
6.68266e-12
8.40785e-12
7.22865e-12
5.90586e-12
7.3766e-12
5.68552e-12
5.36142e-12
6.2245e-12
4.51183e-12
4.80442e-12
5.2388e-12
3.6934e-12
4.38122e-12
4.43581e-12
3.16036e-12
3.68471e-12
3.91897e-12
2.83268e-12
3.42833e-12
3.22029e-12
2.40999e-12
3.01285e-12
2.4359e-12
2.09505e-12
2.52711e-12
1.83264e-12
1.88288e-12
2.08214e-12
1.45943e-12
1.63805e-12
1.62375e-12
1.10906e-12
1.43438e-12
1.15937e-12
9.66906e-13
1.17157e-12
8.18523e-13
8.4874e-13
9.04948e-13
6.04054e-13
7.5357e-13
6.82319e-13
5.05032e-13
6.55384e-13
5.02799e-13
4.79871e-13
5.49601e-13
3.81434e-13
4.53819e-13
4.46191e-13
3.1722e-13
4.03517e-13
3.35801e-13
2.7869e-13
3.45105e-13
2.5414e-13
2.5493e-13
2.87626e-13
2.12607e-13
2.14722e-13
2.56221e-13
1.84379e-13
2.04502e-13
2.07178e-13
1.4776e-13
1.90098e-13
1.6562e-13
1.32732e-13
1.69216e-13
1.31047e-13
1.22292e-13
1.45321e-13
1.04833e-13
1.11954e-13
1.13085e-13
8.02296e-14
9.86923e-14
8.09414e-14
6.92446e-14
8.40197e-14
6.1665e-14
6.43478e-14
6.94484e-14
4.76803e-14
5.92692e-14
5.28099e-14
4.0744e-14
5.13502e-14
4.00203e-14
3.7171e-14
4.353e-14
3.0356e-14
3.38334e-14
3.38628e-14
2.40524e-14
3.0409e-14
2.6517e-14
2.10372e-14
2.57171e-14
2.08154e-14
1.75451e-14
2.12179e-14
1.70217e-14
1.42344e-14
1.77225e-14
1.38605e-14
1.27663e-14
1.46725e-14
1.04665e-14
1.13185e-14
1.14377e-14
8.03048e-15
9.7073e-15
8.34578e-15
6.64772e-15
8.10542e-15
6.07363e-15
6.11063e-15
6.59366e-15
4.82613e-15
5.43837e-15
5.45083e-15
4.0764e-15
5.0766e-15
4.25274e-15
3.6965e-15
4.41714e-15
3.38548e-15
3.43678e-15
3.75564e-15
2.84736e-15
3.14778e-15
3.20797e-15
2.46892e-15
2.97143e-15
2.62689e-15
2.23316e-15
2.65874e-15
2.11668e-15
2.16341e-15
2.34395e-15
1.80011e-15
2.09382e-15
1.94106e-15
1.55556e-15
1.81861e-15
1.61936e-15
1.32428e-15
1.57458e-15
1.35931e-15
1.1679e-15
1.36822e-15
1.05771e-15
1.04829e-15
1.15258e-15
8.62664e-16
9.14283e-16
9.24553e-16
6.7642e-16
7.80468e-16
7.10722e-16
5.61037e-16
6.47344e-16
5.02276e-16
4.91441e-16
5.18901e-16
3.91959e-16
4.405e-16
4.19685e-16
3.35847e-16
3.97325e-16
3.28303e-16
2.91066e-16
3.37774e-16
2.62864e-16
2.63875e-16
2.76447e-16
2.08545e-16
