1
8.85365
8.2369
7.63477
9.49524
10.7027
9.89963
6.86026
10.2571
10.1824
6.43323
7.94475
10.227
8.32022
6.81946
7.98167
8.82506
7.36681
5.81259
7.25128
7.78413
5.9196
5.78806
6.75706
5.86758
5.11799
6.61373
6.58908
4.56866
4.62974
5.7581
5.13814
4.43612
6.27627
6.5254
4.85519
5.50809
6.06846
4.75523
4.76945
6.0768
5.36743
4.32558
5.49843
5.46281
4.29113
5.17391
5.7136
4.34658
4.93036
5.83035
4.83208
4.44226
5.22536
4.34336
3.62325
5.18187
5.28891
3.61086
3.34051
3.94617
3.23909
2.96393
3.47938
3.59353
3.66739
2.67677
2.95645
2.29699
2.17155
2.69436
2.79676
2.43101
2.14819
2.15727
1.80347
2.25834
2.09638
1.6153
1.31198
1.56847
1.24204
1.02569
1.23625
0.953814
0.954981
1.29709
1.0891
0.819689
0.992004
1.01974
0.951977
0.961922
0.952691
0.756571
0.738611
1.07265
1.00279
0.686345
1.00271
0.954499
0.69427
0.687435
0.840226
0.820072
0.742378
0.813767
0.787444
0.988556
0.765848
0.739791
0.549572
0.634544
0.615847
0.475531
0.595284
0.574246
0.41185
0.461442
0.609228
0.486552
0.348132
0.409894
0.326163
0.354272
0.440677
0.368138
0.330728
0.336358
0.332265
0.254147
0.307955
0.343193
0.258554
0.254254
0.285512
0.24499
0.286975
0.277717
0.256947
0.202028
0.227128
0.244382
0.21144
0.197544
0.227259
0.22322
0.239623
0.22484
0.255236
0.208948
0.197494
0.226484
0.189039
0.188313
0.197711
0.173053
0.130813
0.154792
0.159225
0.123533
0.135174
0.16911
0.126678
0.0954133
0.114599
0.104966
0.0945635
0.0957928
0.0920049
0.0712363
0.088478
0.0977836
0.0789761
0.0601492
0.0724854
0.0602075
0.0533863
0.0705668
0.072897
0.0499095
0.0646655
0.0671364
0.0560372
0.0538474
0.0593896
0.0608338
0.0492044
0.0523793
0.0540708
0.0425184
0.054833
0.0603783
0.0635174
0.0500305
0.0555658
0.0437679
0.0507597
0.0545633
0.0446772
0.0491493
0.053936
0.0424893
0.0505605
0.0535358
0.0452591
0.0469823
0.0537638
0.0495435
0.0438187
0.0450402
0.0442208
0.0446566
0.0447827
0.0443979
0.0374873
0.0367615
0.0424764
0.043528
0.0377888
0.0374869
0.0428648
0.037901
0.0318675
0.0393573
0.0395202
0.0298819
0.0295151
0.0318754
0.0275232
0.0239459
0.0270536
0.0259389
0.0221088
0.0223459
0.0215432
0.0187766
0.0217155
0.0224864
0.017726
0.014376
0.0169611
0.015918
0.0128752
0.0150483
0.0147913
0.0112169
0.0123809
0.0129438
0.0102633
0.0110483
0.012095
0.00977453
0.00920499
0.0109829
0.0105742
0.00836178
0.00998681
0.00995688
0.00849519
0.00880303
0.00916597
0.00823669
0.00813253
0.00866838
0.00770334
0.00944948
0.00887107
0.00799267
0.00990466
0.00868225
0.00844005
0.00742505
0.00864112
0.00908766
0.00823416
0.00994279
0.00921725
0.00892074
0.0095245
0.00823652
0.0085181
0.00704082
0.00774942
0.0101655
0.00805391
0.00701593
0.00956014
0.00844329
0.00650929
0.00741238
0.00790502
0.00653275
0.0071286
0.00888919
0.00769107
0.00609033
0.00716954
0.00599062
0.00569922
0.00652061
0.0053339
0.00541513
0.00593032
0.0047916
0.00525877
0.00552937
0.00460806
0.00514194
0.00487964
0.0044929
0.00350525
0.00420003
0.00401714
0.00443901
0.00374284
0.00394649
0.00342734
0.00361174
0.00357301
0.00311767
0.00248665
0.00292451
0.00293939
0.00229281
0.00260915
0.00272237
0.00220117
0.00215499
0.00240188
0.00210122
0.00182144
0.00226569
0.00235406
0.001686
0.00194196
0.00211507
0.00187457
0.00184226
0.00208542
0.00178898
0.0014107
0.0016823
0.00178475
0.00161635
0.00140117
0.00145236
0.00116178
0.00136284
0.00148066
0.00124509
0.00109639
0.00118346
0.00116774
0.000961483
0.00107238
0.00116096
0.000909762
0.000874622
0.000994015
0.000878602
0.000917172
0.000810189
0.000813618
0.00066806
0.000616062
0.000675114
0.000576
0.000530638
0.00059699
0.000621797
0.000524915
0.00048469
0.00051486
0.000427637
0.000435124
0.000473061
0.000379282
0.000408488
0.000452902
0.000385456
0.000346619
0.000407062
0.000341075
0.000351259
0.000419753
0.000370083
0.000300625
0.000345805
0.000361511
0.000350159
0.00029226
0.000339802
0.00027233
0.000295573
0.000328023
0.000288243
0.00029775
0.000340021
0.000310238
0.00028537
0.000292541
0.000331652
0.000298876
0.000229455
0.000272341
0.000274629
0.000228345
0.000233509
0.000254755
0.000229557
0.000187711
0.000214194
0.00019258
0.000170588
0.000208135
0.000194965
0.000198877
0.000191058
0.000192403
0.000165352
0.000202434
0.000198725
0.000167401
0.000165318
0.000193268
0.000183975
0.000160499
0.000201477
0.000197379
0.000186634
0.000195956
0.000212987
0.000182188
0.000158932
0.000192742
0.000167803
0.00017147
0.000184874
0.000173753
0.000162375
0.000148869
0.000155711
0.000122965
0.000160724
0.000169214
0.000124759
0.000122726
0.00013757
0.00011024
0.000121044
0.000132162
0.000112932
0.000105378
0.000120952
0.00010745
9.20635e-05
0.000107619
9.97187e-05
0.000102679
9.71361e-05
9.90945e-05
9.39739e-05
8.80678e-05
9.45532e-05
9.06341e-05
7.86322e-05
8.49589e-05
9.14069e-05
7.16511e-05
7.30851e-05
8.2478e-05
7.86119e-05
6.88141e-05
6.53803e-05
7.25883e-05
5.68663e-05
6.50678e-05
7.12374e-05
5.52506e-05
5.16826e-05
5.83509e-05
5.21318e-05
5.2246e-05
5.4472e-05
5.21529e-05
4.42058e-05
5.12676e-05
5.77792e-05
4.48629e-05
4.04725e-05
4.76488e-05
4.28349e-05
4.33933e-05
4.43193e-05
4.04297e-05
3.35917e-05
4.0937e-05
3.7104e-05
3.22375e-05
3.52977e-05
3.44208e-05
2.75042e-05
3.0601e-05
3.1195e-05
2.44731e-05
3.02956e-05
3.24615e-05
2.5182e-05
2.45777e-05
2.85226e-05
2.68087e-05
2.54052e-05
2.45272e-05
2.54566e-05
2.10532e-05
2.13879e-05
2.43498e-05
2.05101e-05
1.93418e-05
2.28544e-05
1.93955e-05
2.03189e-05
2.26078e-05
2.14385e-05
1.82561e-05
1.92866e-05
2.22103e-05
1.96197e-05
1.73357e-05
1.83677e-05
1.98347e-05
1.71794e-05
1.51831e-05
1.74479e-05
1.59215e-05
1.35065e-05
1.53029e-05
1.39554e-05
1.19312e-05
1.38502e-05
1.42407e-05
1.14242e-05
1.15736e-05
1.19565e-05
9.66941e-06
1.10494e-05
1.21028e-05
9.36817e-06
9.29033e-06
9.77928e-06
9.06203e-06
7.49329e-06
7.92567e-06
8.47648e-06
6.98697e-06
6.38004e-06
7.07265e-06
5.88716e-06
5.77345e-06
6.64116e-06
6.21748e-06
5.56324e-06
6.21999e-06
6.19105e-06
4.92367e-06
4.84068e-06
5.23616e-06
4.35456e-06
4.96128e-06
5.42708e-06
5.01443e-06
4.20096e-06
4.29849e-06
4.19636e-06
3.49375e-06
4.09443e-06
4.07207e-06
3.28077e-06
3.51128e-06
3.57939e-06
2.83924e-06
3.30419e-06
3.40736e-06
3.03355e-06
2.91538e-06
3.24587e-06
2.99028e-06
2.6668e-06
2.69757e-06
2.76794e-06
2.53585e-06
2.49092e-06
2.54372e-06
2.47285e-06
2.2628e-06
2.34451e-06
2.34835e-06
1.94271e-06
1.86992e-06
1.99534e-06
1.80265e-06
1.60416e-06
1.75779e-06
1.62207e-06
1.44673e-06
1.64387e-06
1.46666e-06
1.56885e-06
1.62628e-06
1.51688e-06
1.36105e-06
1.54755e-06
1.60294e-06
1.44065e-06
1.36327e-06
1.51554e-06
1.47611e-06
1.2287e-06
1.26427e-06
1.29566e-06
1.08439e-06
1.20766e-06
1.23784e-06
1.01116e-06
1.07043e-06
1.16345e-06
1.09886e-06
9.59362e-07
1.09386e-06
1.03713e-06
8.5142e-07
9.78305e-07
1.01139e-06
8.25822e-07
8.43253e-07
9.04912e-07
7.68039e-07
7.42243e-07
8.16388e-07
7.69283e-07
6.75789e-07
7.21067e-07
6.24621e-07
5.64328e-07
6.37732e-07
5.5001e-07
5.51099e-07
6.45762e-07
5.50025e-07
4.59718e-07
5.9193e-07
5.44452e-07
4.47098e-07
5.18718e-07
5.03683e-07
4.42044e-07
4.02531e-07
4.699e-07
4.90586e-07
4.34142e-07
4.13698e-07
4.53732e-07
4.07312e-07
3.64195e-07
4.20584e-07
4.00303e-07
3.92707e-07
3.92352e-07
4.30281e-07
3.82755e-07
3.5021e-07
3.95813e-07
3.49149e-07
3.5494e-07
4.06469e-07
3.89709e-07
3.39568e-07
3.61859e-07
3.77389e-07
3.31813e-07
3.22204e-07
3.56979e-07
3.18938e-07
3.17428e-07
3.39784e-07
3.14541e-07
2.92907e-07
3.13014e-07
3.00686e-07
2.91157e-07
2.88205e-07
2.86964e-07
2.39783e-07
2.69205e-07
3.01321e-07
2.34743e-07
2.22857e-07
2.42864e-07
2.25056e-07
2.01645e-07
2.18955e-07
1.97143e-07
1.84168e-07
2.04761e-07
1.99213e-07
1.74138e-07
1.62327e-07
1.73875e-07
1.71987e-07
1.50271e-07
1.46839e-07
1.50163e-07
1.30313e-07
1.21622e-07
1.36546e-07
1.29418e-07
1.13207e-07
1.16494e-07
1.17895e-07
1.02305e-07
1.06115e-07
1.15326e-07
1.12829e-07
9.55607e-08
1.03656e-07
9.50672e-08
8.10501e-08
9.41962e-08
8.79567e-08
7.55356e-08
8.04435e-08
8.08712e-08
6.82721e-08
7.05593e-08
7.25206e-08
6.17631e-08
7.08131e-08
6.76968e-08
6.00511e-08
5.98961e-08
5.87802e-08
5.75484e-08
4.71966e-08
5.51253e-08
5.45521e-08
4.56934e-08
4.63041e-08
4.69745e-08
4.40758e-08
3.63436e-08
4.24223e-08
4.04212e-08
3.25571e-08
3.74318e-08
3.72156e-08
3.03664e-08
3.76829e-08
3.71831e-08
2.99561e-08
3.01129e-08
3.42098e-08
3.01008e-08
2.77527e-08
3.24361e-08
2.80326e-08
2.85408e-08
3.20478e-08
2.87706e-08
2.66844e-08
3.06563e-08
2.99956e-08
2.74802e-08
2.74556e-08
2.92372e-08
2.52828e-08
2.59526e-08
2.95322e-08
2.75854e-08
2.57793e-08
2.91185e-08
2.90612e-08
2.50613e-08
2.70143e-08
2.93041e-08
2.8129e-08
2.76648e-08
2.75388e-08
2.94002e-08
2.55051e-08
2.61893e-08
2.85466e-08
2.47759e-08
2.57723e-08
2.64496e-08
2.41676e-08
2.13331e-08
2.30975e-08
2.34536e-08
1.91751e-08
2.10368e-08
2.2669e-08
1.87132e-08
2.14293e-08
2.24495e-08
1.8501e-08
1.78716e-08
2.0407e-08
1.93617e-08
1.69327e-08
1.64534e-08
1.74241e-08
1.41466e-08
1.44851e-08
1.57595e-08
1.34952e-08
1.21812e-08
1.35833e-08
1.16512e-08
1.01445e-08
1.16736e-08
1.12808e-08
8.67691e-09
9.02643e-09
8.97693e-09
8.1746e-09
7.43161e-09
7.92478e-09
7.06846e-09
5.74637e-09
6.3521e-09
6.07231e-09
4.80952e-09
5.34047e-09
5.29192e-09
4.57011e-09
4.34334e-09
4.61161e-09
3.71735e-09
3.45052e-09
3.82071e-09
3.50065e-09
2.85729e-09
3.24527e-09
2.86463e-09
2.43001e-09
2.89451e-09
2.77778e-09
2.18171e-09
2.3653e-09
2.5931e-09
2.08872e-09
1.82804e-09
2.13601e-09
1.94031e-09
1.72103e-09
1.79893e-09
1.8546e-09
1.44299e-09
1.65311e-09
1.7859e-09
1.49696e-09
1.33815e-09
1.52938e-09
1.45003e-09
1.17285e-09
1.31285e-09
1.39101e-09
1.23628e-09
1.09037e-09
1.30718e-09
1.31831e-09
1.02149e-09
1.10452e-09
1.15534e-09
9.23781e-10
9.46087e-10
1.00495e-09
8.40868e-10
7.68241e-10
8.64774e-10
7.84299e-10
6.50731e-10
7.29206e-10
6.71056e-10
5.55805e-10
6.20973e-10
5.43228e-10
4.75424e-10
5.4822e-10
5.22442e-10
4.14123e-10
4.6263e-10
4.65929e-10
4.01035e-10
4.09854e-10
4.48284e-10
4.01355e-10
3.60264e-10
4.23679e-10
4.15968e-10
3.5347e-10
3.56762e-10
3.91132e-10
3.62735e-10
3.65145e-10
3.5658e-10
3.5597e-10
3.13167e-10
3.12334e-10
3.37007e-10
2.89748e-10
3.37056e-10
3.32584e-10
2.90439e-10
2.74717e-10
3.23604e-10
2.96201e-10
2.44229e-10
2.7554e-10
2.65034e-10
2.31309e-10
2.40566e-10
2.47143e-10
2.20678e-10
2.10018e-10
2.26803e-10
1.9755e-10
2.05215e-10
2.02916e-10
1.85169e-10
1.66361e-10
1.75106e-10
1.71946e-10
1.47442e-10
1.56055e-10
1.50465e-10
1.36073e-10
1.43273e-10
1.40918e-10
1.20919e-10
1.22768e-10
1.32373e-10
1.21208e-10
1.04203e-10
1.13213e-10
1.06327e-10
9.37972e-11
1.05639e-10
1.05995e-10
9.29732e-11
9.11726e-11
9.55639e-11
8.5115e-11
9.1141e-11
9.20051e-11
9.02221e-11
8.30527e-11
8.18552e-11
8.5423e-11
7.5803e-11
7.43969e-11
8.04063e-11
7.33293e-11
6.65666e-11
7.41243e-11
6.88021e-11
6.51254e-11
7.00352e-11
6.58528e-11
5.5737e-11
6.11859e-11
5.88524e-11
5.18925e-11
5.56936e-11
5.84241e-11
5.21559e-11
4.68544e-11
5.0576e-11
5.09189e-11
4.39224e-11
4.00477e-11
4.40339e-11
3.74832e-11
3.54425e-11
3.83598e-11
3.54145e-11
3.09596e-11
3.11826e-11
3.16276e-11
2.63693e-11
2.52847e-11
2.75834e-11
2.47107e-11
2.12401e-11
2.34232e-11
2.31648e-11
1.97856e-11
1.81333e-11
1.96161e-11
1.80256e-11
1.62643e-11
1.67108e-11
1.66523e-11
1.38698e-11
1.49136e-11
1.45641e-11
1.2883e-11
1.14781e-11
1.2055e-11
1.09862e-11
9.06493e-12
9.71284e-12
9.44295e-12
7.59745e-12
7.97147e-12
7.38245e-12
6.31531e-12
6.8087e-12
6.81488e-12
5.90328e-12
5.64938e-12
5.98404e-12
5.65222e-12
4.93504e-12
4.90754e-12
5.1205e-12
4.40156e-12
4.37705e-12
4.40147e-12
3.72359e-12
3.81765e-12
3.70907e-12
3.1931e-12
3.30913e-12
3.32314e-12
2.9214e-12
2.80368e-12
2.92925e-12
2.77396e-12
2.40995e-12
2.54726e-12
2.58023e-12
2.16023e-12
2.01095e-12
2.18537e-12
2.03249e-12
1.63999e-12
1.74803e-12
1.66301e-12
1.50881e-12
1.35478e-12
1.40086e-12
1.1422e-12
1.17869e-12
1.2329e-12
1.03572e-12
8.93387e-13
9.67546e-13
8.82597e-13
7.47183e-13
8.24024e-13
8.16392e-13
6.5248e-13
6.16895e-13
6.76788e-13
5.98745e-13
4.87029e-13
5.50874e-13
4.88624e-13
4.13363e-13
4.66049e-13
3.84429e-13
3.72227e-13
4.02991e-13
3.51207e-13
3.24283e-13
3.47192e-13
3.32044e-13
2.83979e-13
2.74097e-13
2.89604e-13
2.25555e-13
2.36339e-13
2.57862e-13
2.30663e-13
1.91875e-13
2.09891e-13
2.0245e-13
1.68168e-13
1.71326e-13
1.83394e-13
1.63787e-13
1.41652e-13
1.54461e-13
1.36223e-13
1.20202e-13
1.29337e-13
1.28625e-13
1.0557e-13
1.01113e-13
1.09616e-13
1.00934e-13
8.30313e-14
8.99714e-14
8.52596e-14
7.72923e-14
7.44567e-14
7.65269e-14
6.40989e-14
6.01865e-14
6.44394e-14
5.46308e-14
4.83591e-14
5.447e-14
4.82208e-14
4.36917e-14
4.43714e-14
4.41147e-14
3.69024e-14
3.4238e-14
3.81837e-14
3.1936e-14
3.06158e-14
3.31844e-14
2.83959e-14
2.57367e-14
2.83017e-14
2.58873e-14
2.23991e-14
2.23679e-14
2.26636e-14
1.91311e-14
1.71073e-14
1.8298e-14
1.51091e-14
1.43881e-14
1.54771e-14
1.39229e-14
1.14104e-14
1.23998e-14
1.19419e-14
9.73139e-15
9.42674e-15
9.98436e-15
9.13291e-15
7.51048e-15
7.59138e-15
7.76198e-15
6.33768e-15
6.31212e-15
6.4269e-15
5.64349e-15
4.72772e-15
4.93536e-15
4.53538e-15
3.75143e-15
3.95375e-15
3.85688e-15
3.0929e-15
3.25582e-15
3.02011e-15
2.53732e-15
2.76742e-15
2.70723e-15
2.38032e-15
2.21493e-15
2.38408e-15
1.98554e-15
1.93076e-15
2.06898e-15
1.86056e-15
1.76267e-15
1.70685e-15
1.6987e-15
1.38693e-15
1.44223e-15
1.47613e-15
1.31314e-15
1.23037e-15
1.29414e-15
1.18836e-15
1.00697e-15
1.10047e-15
1.09704e-15
9.33906e-16
8.86628e-16
9.43341e-16
8.50005e-16
7.5381e-16
8.7803e-16
8.21399e-16
6.61605e-16
6.89838e-16
7.1184e-16
6.09606e-16
5.76528e-16
6.25046e-16
5.55517e-16
5.14889e-16
5.3443e-16
5.15537e-16
4.75376e-16
4.52544e-16
4.71465e-16
3.95478e-16
3.72971e-16
4.01663e-16
3.36009e-16
3.0404e-16
3.26423e-16
2.95173e-16
2.44589e-16
2.75264e-16
2.25903e-16
2.26506e-16
2.243e-16
2.07326e-16
