1
4.42255
4.17095
4.11609
7.20165
6.00773
4.53742
6.50169
6.27386
3.83325
6.54803
7.90243
5.75253
6.92661
10.6321
10.0392
6.97806
12.3957
13.6138
8.48951
11.2388
15.0553
9.92706
9.89018
14.685
12.2155
8.58062
14.2021
14.4186
8.40877
12.5627
14.0458
8.71333
10.8971
14.7876
10.1608
10.3516
14.6551
10.9833
8.57706
13.7171
10.5026
7.48763
12.2338
11.1732
6.9996
11.3419
11.6511
7.00655
10.1246
12.3536
7.51086
9.85861
12.6082
8.59828
9.07774
12.8951
9.33694
8.64666
13.3128
12.3448
7.6333
11.8645
13.0849
8.10128
10.8594
13.6902
9.06055
9.53022
13.5161
10.09
8.49059
13.0388
10.5225
7.6741
12.4508
12.1562
7.6372
10.5477
12.5212
7.85569
9.82476
12.8107
8.42629
9.36122
13.0056
8.63251
9.04024
12.8178
9.13827
8.4455
12.2773
8.82028
7.70256
11.549
9.09615
6.90265
10.9593
9.31846
5.96266
9.45961
10.5625
6.9405
8.21203
10.8222
8.80639
6.50258
10.6589
9.36412
6.36494
9.39627
10.2972
6.29488
9.49326
10.232
6.40801
8.62632
10.9686
7.52011
8.29534
11.2167
7.37629
8.56959
11.425
7.47351
8.74353
11.6062
7.6847
8.67829
11.9432
9.07785
7.78877
11.6057
10.071
6.86712
11.264
9.82188
6.74505
10.9751
9.8242
6.83773
11.333
10.1267
7.70195
9.81329
11.5909
7.25952
9.56544
11.7295
7.71794
8.62427
11.725
8.66209
7.981
11.658
8.17848
8.24588
11.6027
9.51873
7.09341
11.2743
10.2958
6.61103
9.99022
11.6845
7.27754
9.37478
12.0829
8.39822
8.68236
12.3055
8.39022
9.08014
12.435
10.3251
7.60532
12.4173
10.3538
7.60502
11.9213
11.7635
7.44749
11.5585
12.4477
8.16002
10.3686
13.3215
10.8292
7.89754
12.6495
11.2051
8.36834
12.0529
12.9452
8.10822
11.1052
12.8902
7.94808
10.4575
13.1459
8.85344
9.98882
13.1098
10.137
8.31292
12.7635
10.264
8.10249
12.4737
9.72319
7.76447
12.0172
10.3844
7.25599
11.5324
10.5946
7.30306
11.5708
10.143
7.21171
11.0742
10.7144
6.973
10.5995
11.1296
8.13511
8.75443
11.7184
9.14143
6.94093
10.7341
10.5511
7.0254
10.2185
10.7414
6.85834
10.0734
10.4808
6.66384
9.9452
10.3973
6.81244
9.20937
10.4182
7.30421
7.8632
10.5907
8.08923
7.20693
10.1283
9.52871
6.18998
9.18422
9.45384
6.10443
8.69928
9.60305
6.2099
8.28781
9.50677
6.20592
7.81794
9.69102
6.91383
6.90823
9.48085
7.54628
6.40479
9.56749
8.99698
5.7232
8.33345
8.60376
5.43853
8.13805
8.35073
5.39991
7.43748
8.51343
5.76042
6.41031
8.27521
6.08107
5.46594
7.99829
6.36455
5.22455
7.67659
6.75992
4.68912
7.15263
6.76802
4.44752
6.16154
6.84739
4.84836
5.10092
6.77295
4.60048
5.15906
6.37072
4.15665
5.1959
6.31445
4.79146
4.22601
5.98149
4.90304
3.77116
5.58434
5.46734
3.92717
4.5088
5.49681
3.5477
4.52043
5.21105
3.42181
4.09057
5.21097
3.85233
3.40663
4.91888
4.18457
3.05364
4.64431
4.16197
2.89695
4.54207
4.00388
2.94288
4.54273
3.66457
3.04635
4.49817
3.53449
2.95586
4.3632
3.59634
2.90728
4.32791
3.58021
2.6897
4.16416
3.78351
2.82817
3.90316
4.20223
2.73369
3.54061
4.08069
2.9286
2.94304
4.17017
3.39065
2.69178
4.04711
3.87364
2.7873
3.59597
4.21976
3.01951
3.05616
4.25432
3.32208
2.85255
4.21157
3.68849
2.71924
3.95448
3.98104
2.62957
4.00218
3.95175
2.69824
4.0263
4.05412
2.67327
3.87552
4.15514
2.78637
3.66492
4.22454
2.87551
3.41691
4.41447
3.28567
3.1085
4.37116
3.5479
2.94334
4.02957
4.21053
2.81315
3.57088
4.35369
3.07292
3.366
4.31952
3.33447
2.93181
4.25027
3.34624
2.76218
4.12797
3.55278
2.72265
4.22168
3.37178
2.80208
4.09738
3.5953
2.70486
4.1025
4.09932
2.69708
3.55713
4.16952
2.88127
3.3501
4.18837
2.78149
3.19104
4.16808
3.33589
2.95306
4.2386
3.57513
2.73264
4.03434
3.83325
2.79655
3.70222
4.3016
3.10227
3.08422
4.29559
3.27904
3.14243
4.35684
3.27035
3.14608
4.28922
3.00659
3.14022
4.16387
3.47886
2.75615
4.10849
3.39561
2.58368
3.87854
3.59083
2.53241
3.77442
3.77185
2.50202
3.33403
3.65268
2.38742
3.37812
3.56064
2.33909
3.13906
3.46855
2.38333
2.96006
3.57962
2.80923
2.42171
3.42278
3.23535
2.29
2.95163
3.45086
2.49345
2.58041
3.35674
2.34554
2.6092
3.2573
2.27535
2.64314
3.21056
2.15045
2.69393
3.13888
2.19515
2.46672
3.16498
2.3753
2.30192
3.08275
2.49287
1.9373
2.96161
2.67898
1.9518
2.80899
2.76868
1.87549
2.6202
2.83261
1.85708
2.50923
2.74883
1.95423
2.16516
2.72586
2.03361
1.89335
2.5777
2.41974
1.6473
2.33296
2.39751
1.59818
2.33405
2.36715
1.6143
2.12104
2.47122
1.74739
1.90864
2.46462
2.05861
1.56902
2.37113
1.92733
1.66597
2.35438
2.01526
1.49527
2.21294
2.16235
1.48714
2.13149
2.20933
1.52954
1.95222
2.26606
1.61238
1.72175
2.26554
1.63446
1.71042
2.19943
1.53913
1.61656
2.17631
1.71161
1.49773
1.98746
1.95912
1.34814
1.79131
1.99291
1.31833
1.7965
1.93565
1.41498
1.49351
1.97644
1.50834
1.42591
1.92987
1.56976
1.30876
1.91413
1.56953
1.34879
1.89529
1.67141
1.27591
1.81255
1.79365
1.28219
1.69113
1.93499
1.45713
1.41313
1.89823
1.58578
1.29991
1.86622
1.6629
1.24169
1.8338
1.64868
1.24525
1.80903
1.71404
1.31612
1.54017
1.85014
1.38702
1.32555
1.79236
1.56681
1.18154
1.73096
1.57711
1.16755
1.66988
1.60593
1.14812
1.66196
1.57014
1.12532
1.62067
1.54502
1.10504
1.54195
1.61561
1.1187
1.45124
1.63815
1.2208
1.28774
1.66775
1.14958
1.34857
1.60862
1.21083
1.13205
1.58756
1.37547
1.07652
1.50985
1.51312
1.04177
1.45207
1.58858
1.21143
1.19732
1.57725
1.35864
1.03622
1.43318
1.3943
0.969423
1.40712
1.36319
0.961497
1.34822
1.39971
0.965992
1.28997
1.37387
0.952519
1.23251
1.3875
0.924346
1.24081
1.32377
0.899426
1.22881
1.29988
0.940532
1.07948
1.31281
0.948623
0.965837
1.26897
1.07377
0.840315
1.19915
1.08438
0.802916
1.13787
1.11453
0.808287
1.05367
1.19659
0.930037
0.843154
1.1681
0.939129
0.862029
1.15313
0.92111
0.789305
1.08306
0.951278
0.758708
1.07261
1.02208
0.711514
0.97242
0.948942
0.66701
0.858976
0.996542
0.696036
0.852224
0.955654
0.663491
0.796622
0.953615
0.701781
0.715958
0.922518
0.762856
0.659729
0.901714
0.758748
0.611326
0.860083
0.777155
0.597996
0.837098
0.768482
0.585969
0.779247
0.840196
0.620503
0.661524
0.828733
0.656325
0.614861
0.820926
0.630447
0.614214
0.796336
0.671187
0.554002
0.794147
0.645799
0.576837
0.772135
0.690268
0.535364
0.725519
0.745895
0.523303
0.687463
0.728203
0.513589
0.681766
0.760115
0.575579
0.577018
0.746559
0.642103
0.516096
0.734603
0.6299
0.508682
0.702318
0.649456
0.508382
0.707755
0.656925
0.50549
0.623124
0.702423
0.499786
0.561633
0.666679
0.563157
0.505559
0.673543
0.514658
0.507386
0.652597
0.515933
0.482211
0.633299
0.523658
0.466001
0.611293
0.55145
0.419317
0.588657
0.51225
0.427086
0.571742
0.532251
0.398771
0.528637
0.532353
0.387054
0.489736
0.549101
0.407389
0.435005
0.543332
0.428323
0.391029
0.523279
0.442592
0.384625
0.521243
0.497835
0.356514
0.472942
0.518195
0.400664
0.398096
0.499996
0.383643
0.396762
0.489786
0.411204
0.34911
0.469685
0.416019
0.34189
0.467205
0.397005
0.329857
0.44365
0.410423
0.321707
0.445207
0.399939
0.319241
0.431667
0.402514
0.308349
0.413648
0.409077
0.303762
0.370006
0.427458
0.336169
0.330969
0.431824
0.356896
0.319936
0.425697
0.342428
0.303889
0.40451
0.362374
0.288858
0.397887
0.349165
0.279654
0.383386
0.384023
0.284086
0.327624
0.374293
0.272259
0.308282
0.372762
0.309618
0.260752
0.350708
0.300592
0.250761
0.335255
0.320809
0.236937
0.310429
0.316983
0.233094
0.289384
0.316891
0.232559
0.272479
0.318959
0.236667
0.253155
0.317145
0.258797
0.233979
0.312305
0.263509
0.218764
0.289296
0.280263
0.211766
0.265661
0.282065
0.208205
0.252012
0.281357
0.218593
0.224376
0.280238
0.216721
0.217941
0.276279
0.251033
0.190133
0.251748
0.246061
0.184397
0.229877
0.244089
0.176408
0.206121
0.241509
0.189917
0.189421
0.237376
0.191432
0.181762
0.231811
0.189629
0.177278
0.22564
0.204247
0.168416
0.220019
0.217382
0.170435
0.192443
0.220324
0.163456
0.192037
0.216044
0.160726
0.186486
0.217604
0.164069
0.188241
0.212391
0.159555
0.186689
0.209241
0.154626
0.186504
0.207283
0.173096
0.157247
0.201836
0.17641
0.143867
0.191359
0.184784
0.141305
0.185149
0.188475
0.14065
0.166649
0.190744
0.149281
0.150607
0.187353
0.15086
0.146833
0.18265
0.14536
0.134889
0.175056
0.152291
0.133705
0.173666
0.154435
0.127805
0.16568
0.158375
0.12388
0.153807
0.164877
0.127221
0.144584
0.167867
0.139299
0.124402
0.159713
0.14226
0.117093
0.155863
0.144042
0.116238
0.15185
0.15087
0.119746
0.131045
0.155248
0.128704
0.117696
0.148054
0.134448
0.108503
0.144736
0.12943
0.105905
0.140296
0.133737
0.104256
0.130178
0.135383
0.101725
0.126408
0.132541
0.0977362
0.130604
0.122299
0.0984979
0.128252
0.121568
0.0927941
0.125334
0.109848
0.0948739
0.123077
0.112021
0.0889543
0.112808
0.114831
0.0876051
0.107196
0.116903
0.094796
0.0917573
0.113499
0.102442
0.0853356
0.100368
0.106597
0.0821754
0.0917215
0.105466
0.0815201
0.0877741
0.102941
0.085696
0.0771203
0.0963159
0.0910274
0.0718814
0.0896286
0.0913979
0.0701653
0.0869088
0.0892498
0.0687757
0.0803325
0.0887447
0.0691192
0.0716187
0.0879584
0.0707488
0.0707928
0.0846893
0.0689867
0.0673957
0.0834781
0.0689022
0.0633245
0.0796037
0.0710178
0.0601521
0.0771963
0.0713557
0.0581083
0.073281
0.0725648
0.0574689
0.0706111
0.0762984
0.0590882
0.0622401
0.0750507
0.0590863
0.0646715
0.0724402
0.0550991
0.0650898
0.0728249
0.0581369
0.0580071
0.0704345
0.0622954
0.0532337
0.0687771
0.0609918
0.0509834
0.066037
0.0627082
0.0507089
0.0622722
0.0662423
0.0501416
0.0591974
0.0650764
0.0511256
0.0550227
0.0660963
0.0525575
0.0532467
0.0631482
0.0572175
0.0491689
0.062869
0.0587881
0.0482738
0.0591271
0.0603016
0.0462461
0.0564182
0.0612242
0.0496844
0.0502822
0.0609674
0.0545857
0.045141
0.0589993
0.0545932
0.0445802
0.0576679
0.0541036
0.0451357
0.0587422
0.0495713
0.0449011
0.056194
0.0506075
0.0426615
0.0534562
0.0515521
0.0414431
0.0487084
0.0533174
0.0432823
0.0442558
0.0523612
0.0462385
0.040943
0.0517569
0.0431128
0.0410667
0.050187
0.0418435
0.0394927
0.0491679
0.0412437
0.0397731
0.0478859
0.0415273
0.0381739
0.0464527
0.0461482
0.0361566
0.0416019
0.0466798
0.0367195
0.040198
0.0456632
0.0363641
0.0373156
0.0450236
0.0389961
0.0348337
0.0437375
0.0380044
0.0324502
0.0408969
0.0402551
0.0318093
0.0365317
0.0418412
0.0322703
0.0365671
0.0408198
0.0310243
0.0386032
0.0378347
0.030354
0.0361166
0.0387701
0.03035
0.0337758
0.0391715
0.0318028
0.0325648
0.0388327
0.0352959
0.029102
0.0376651
0.0318394
0.0300523
0.0367774
0.0333114
0.0285356
0.0334572
0.035621
0.0274841
0.0312033
0.0351542
0.0269502
0.0312285
0.0344091
0.0266679
0.0297386
0.0339883
0.0266474
0.0282741
0.0336989
0.028289
0.0259519
0.0326361
0.029359
0.0246694
0.0307177
0.0303103
0.0241158
0.0281821
0.0308077
0.0237802
0.0285079
0.0295213
0.0230969
0.0278494
0.0290697
0.0231537
0.0244606
0.0295217
0.0241958
0.022967
0.0282765
0.0253507
0.0217871
0.0262942
0.0266667
0.0208812
0.0260397
0.0271985
0.0219344
0.022492
0.0267965
0.0222356
0.0210773
0.0252327
0.0239359
0.0190366
0.0232665
0.0238451
0.0186738
0.0220819
0.0234048
0.0182228
0.020904
0.0235032
0.0180773
0.0213016
0.0227563
0.0179308
0.0202927
0.0221855
0.0169901
0.0212771
0.0210618
0.0165569
0.019931
0.0213503
0.016692
0.0184091
0.0210922
0.0169683
0.0171621
0.0205537
0.017658
0.0160487
0.0201174
0.018195
0.0153844
0.0183456
0.01972
0.0154682
0.0166156
0.0196937
0.0156376
0.0157772
0.0190145
0.0165646
0.0146151
0.0186141
0.0160087
0.0142798
0.01724
0.0168863
0.0133323
0.0163407
0.0168847
0.0136396
0.0143095
0.0170237
0.0135358
0.0140335
0.0166916
0.0141254
0.0127166
0.016315
0.0143347
0.0128858
0.0160179
0.014145
0.0120624
0.0148857
0.0148554
0.0117982
0.0144796
0.0149921
0.0117084
0.013892
0.0148593
0.0114109
0.0138412
0.0149855
0.0123996
0.0119805
0.0146571
0.012156
0.0118701
0.0142837
0.0129015
0.0111051
0.0140907
0.0124311
0.0108677
0.0137909
0.012217
0.0104657
0.0131852
0.0125867
0.0102237
0.0131572
0.0123923
0.0101562
0.0129313
0.012558
0.01021
0.0118819
0.0131723
0.0101942
0.0113523
0.0128889
0.0103232
0.0104725
0.0128503
0.0104453
0.0102769
0.0124263
0.0113209
0.00940289
0.0121541
0.0118791
0.00943194
0.0112748
0.0124932
0.0104518
0.00967905
0.0121532
0.0100536
0.00933261
0.01165
0.0109667
0.00881229
0.011147
0.0109307
0.00872094
0.0107556
0.0112279
0.00870229
0.00998548
0.0113012
0.00900704
0.00923507
0.0112166
0.00891001
0.00895157
0.0109678
0.00932252
0.00854401
0.0106791
0.00969618
0.00837998
0.0103328
0.0101878
0.00806014
0.00988748
0.0101246
0.00785812
0.00918469
0.0102001
0.00791552
0.00885787
0.0102012
0.00845274
0.00807852
0.00994062
0.00929866
0.00782629
0.00906743
0.00989786
0.0081334
0.00808855
0.00984178
0.00821757
0.00794076
0.00959615
0.00792286
0.00771901
0.00928556
0.00793532
0.00739806
0.00921078
0.00760956
0.00735369
0.00895738
0.0073943
0.00665773
0.00836821
0.00805869
0.0065227
0.00800775
0.00820735
0.00640624
0.00772455
0.00800336
0.00622314
0.00754977
0.00779681
0.00621625
0.00662314
0.00775994
0.00631223
0.00612056
0.00752964
0.00650052
0.0058325
0.00702947
0.007048
0.00559941
0.00614606
0.00693319
0.00570247
0.00577433
0.00670113
0.00513783
0.00600977
0.00632462
0.00509377
0.00548909
0.00634716
0.00518402
0.00497591
0.00601263
0.0050316
0.00477859
0.00582646
0.0047099
0.00443958
0.00545681
0.0049203
0.00412091
0.00525955
0.0046618
0.0041587
0.00516495
0.0044589
0.00399586
0.00490706
0.00470826
0.00386371
0.00477712
0.00473188
0.00375602
0.00463243
0.00476569
0.00399251
0.00401816
0.00477125
0.00415262
0.00364023
0.00443746
0.00439894
0.00353272
0.00417847
0.00439269
0.00350221
0.00384465
0.0044369
0.0035302
0.00373335
0.00431855
0.00346415
0.00350559
0.00420867
0.00345514
0.00338182
0.00400794
0.00368103
0.0030624
0.00384386
0.00357809
0.00305424
0.0034689
0.00369859
0.00288655
0.00324838
0.00361251
0.00287171
0.00313225
0.00357088
0.00300282
0.00286049
0.00351335
0.0029383
0.00280768
0.00339463
0.0030679
0.00270858
0.00331601
0.00340675
0.00267855
0.00314345
0.00334927
0.00268945
0.00295202
0.00338351
0.00269439
0.00299261
0.00336404
0.00261434
0.00304041
0.00334817
0.00264623
0.00286216
0.00337834
0.00277883
0.0026547
0.00332614
0.00296543
0.00257899
0.00328725
0.00296118
0.00250636
0.00312057
0.00306632
0.00246926
0.00289625
0.00316088
0.00260843
0.00266288
0.00318132
0.00257792
0.00269036
0.00313458
0.00283815
0.00243326
0.00303855
0.00262023
0.00244709
0.00295235
0.00285436
0.00230819
0.00267475
0.00288364
0.00233334
0.00265715
0.00287372
0.00245599
0.00244868
0.00287253
0.00240994
0.00234325
0.00284384
0.00247509
0.00225266
0.00274923
0.00259397
0.00217513
0.00260346
0.00265424
0.00212399
0.00252864
0.00258583
0.00207445
0.00245965
0.0025046
0.00201938
0.00235455
0.00244289
0.0019407
0.00223987
0.00240547
0.00191552
0.00204248
0.00237423
0.00190203
0.00206023
0.0022643
0.00179496
0.0019944
0.00221862
0.00194646
0.00175196
0.00209264
0.00206476
0.00167848
0.00189253
0.00203812
0.00166037
0.00173618
0.00199255
0.00166301
0.00158554
0.00186661
0.00176798
0.00151995
0.00183758
0.00174037
0.00144797
0.00168464
0.00177767
0.0014197
0.00163739
0.00173667
0.00137716
0.00161036
0.00166394
0.00136429
0.00153738
0.00166505
0.00140144
0.00142624
0.00163507
0.00135341
0.00130154
0.00157379
0.00139431
0.00122582
0.00150185
0.00138801
0.0011977
0.00147701
0.00131511
0.00114746
0.00141816
0.00136188
0.00116093
0.00125927
0.0013991
0.0011157
0.00120809
0.00135931
0.00113167
0.00112863
0.00134455
0.00112598
0.00107302
0.00128039
0.00119973
0.00101085
0.00116749
0.00124269
0.000993702
0.00111018
0.00120903
0.00097083
0.00108477
0.00117233
0.00096525
0.00103141
0.0011589
0.000918124
0.000998108
0.00111993
0.000938661
0.000909079
0.00108084
0.00092422
0.000838236
0.00101049
0.000997062
0.000818498
0.00096966
0.00100211
0.000807028
0.000940005
0.000964579
0.000785065
0.000903828
0.000990017
0.000845709
0.000811918
0.000978785
0.000847491
0.000781533
0.000939673
0.000891813
0.000745965
0.000896802
0.000931561
0.000743151
0.000911782
0.000895703
0.000737836
0.000839154
0.000931896
0.000750426
0.000785716
0.000923606
0.000791495
0.00075916
0.000931464
0.000808123
0.000757633
0.000903716
0.0008893
0.000734162
0.000892905
0.000887325
0.00071903
0.000896184
0.000870393
0.000720792
0.000871044
0.000898572
0.000723924
0.000893489
0.000891027
0.000741513
0.000885052
0.000913578
0.000784712
0.000791178
0.000941888
0.000825197
0.000771146
0.000948656
0.000821516
0.000747985
0.000921189
0.000866908
0.000748158
0.000923686
0.000831805
0.000711113
0.000854288
0.000903308
0.000728097
0.00083115
0.000899588
0.000733485
0.00075917
0.000900248
0.000733196
0.000746998
0.000862939
0.000718575
0.000729759
0.000857589
0.00067511
0.00073013
0.000841809
0.000724636
0.000653721
0.000797718
0.000756946
0.000620193
0.000751033
0.000769296
0.000611689
0.000725373
0.000768458
0.000635566
0.000665959
0.000780209
0.000699197
0.000597136
0.000756253
0.000714541
0.000593847
0.000702282
0.000737569
0.000594586
0.000645011
0.000747213
0.000604962
0.000614501
0.000734537
0.000592414
0.000591118
0.000716266
0.000618817
0.000564909
0.00071657
0.000624832
0.000577038
0.000717514
0.000612155
0.000578732
0.000719132
0.000602161
0.000555115
0.000704293
0.00062647
0.000559067
0.000697793
0.000600987
0.000538927
0.000672931
0.000631196
0.000521284
0.000665664
0.000648446
0.000541139
0.00060504
0.000683193
0.000598737
0.000534402
0.00066904
0.000635166
0.000523231
0.000608465
0.000676351
0.000524039
0.000609558
0.00066343
0.000521281
0.000590816
0.000668611
0.000517563
0.000608768
0.000660953
0.000531211
0.000586831
0.000668671
0.000538762
0.000581532
0.000678909
0.000560575
0.000574094
0.000683882
0.000564104
0.000550357
0.000675385
0.000619452
0.000527929
0.000671336
0.000635425
0.000529239
0.000626136
0.000684844
0.000538853
0.00061162
0.000699671
0.000560634
0.000610209
0.000701135
0.000616962
0.000545189
0.000683751
0.000640431
0.000536451
0.000662753
0.00067978
0.000550569
0.000650332
0.000715979
0.000574257
0.000660915
0.000724566
0.000583766
0.000643109
0.000751309
0.000643558
0.000596724
0.000741502
0.000706676
0.000588779
0.000732536
0.000738439
0.00060743
0.000760456
0.000735019
0.000610104
0.000742944
0.000775708
0.000620428
0.000692775
0.000807697
0.000682811
0.000687941
0.000822851
0.00069137
0.000670855
0.000830946
0.000748366
0.000652694
0.000826156
0.000778057
0.000668584
0.000785341
0.000838187
0.000671808
0.000725702
0.000847834
0.000692875
0.000727942
0.000852014
0.000694113
0.000759501
0.00084639
0.000671417
0.000792243
0.00081903
0.000660316
0.000746222
0.000835344
0.000697358
0.000698369
0.000828294
0.000748032
0.000675944
0.00083632
0.000745841
0.000674357
0.000797021
0.000804241
0.000668404
0.000734481
0.000826339
0.000696179
0.000699992
0.000819515
0.000734751
0.000681641
0.000808408
0.000719952
0.000678143
0.00081934
0.000727822
0.000685884
0.00078153
0.000798315
0.000660732
0.000757347
0.000800764
0.000661559
0.00075145
0.000797219
0.000650629
0.000705655
0.000799678
0.000688671
0.000696555
0.000801815
0.00067931
0.000672405
0.00079127
0.000696061
0.000662763
0.000781166
0.000690948
0.000630493
0.000761983
0.000693816
0.000607469
0.000741847
0.00069989
0.000607353
0.000749814
0.000684413
0.000608629
0.000736554
0.000679089
0.000585157
0.000690134
0.000706386
0.000590676
0.000621634
0.00071185
0.000616443
0.000569133
0.000667113
0.000668871
0.00054946
0.000606293
0.000678727
0.000545026
0.000608316
0.000656462
0.000535375
0.000584691
0.000649771
0.00055443
0.000534772
0.000644629
0.000572087
0.000511503
0.000626166
0.000573641
0.000520816
0.000627922
0.000564087
0.00049986
0.000611806
0.000573328
0.000489314
0.000577133
0.000592802
0.000489115
0.000542107
0.000605915
0.000492054
0.000535301
0.000604366
0.000499164
0.000494479
0.000589486
0.000538322
0.00046974
0.000575212
0.000562042
0.00046893
0.00055387
0.0005918
0.000479473
0.00050457
0.000577501
0.000474758
0.0005043
0.000565843
0.000476192
0.000473446
0.000567606
0.00048892
0.000459261
0.000559257
0.000511557
0.000436876
0.000518972
0.00052359
0.000430779
0.000493198
0.000527619
0.000429521
0.000481403
0.000519606
0.000418917
0.000489468
0.000509879
0.000407271
0.000482982
0.000494048
0.000405809
0.000468232
0.000492275
0.000395199
0.000459532
0.000485571
0.00040109
0.000424941
0.000483907
0.000429559
0.000391002
0.000457903
0.00046518
0.000379243
0.000420288
0.000469532
0.000389589
0.00039089
0.000467162
0.00039891
0.000383071
0.0004632
0.000387562
0.000382795
0.000451033
0.000377575
0.000368326
0.000429541
0.000389949
0.000343485
0.000421501
0.000397004
0.000334812
0.000392048
0.000416265
0.000337807
0.000386199
0.000405066
0.000331637
0.000378434
0.000396108
0.0003282
0.00035051
0.000397329
0.000340903
0.000331081
0.000384994
0.000362796
0.00031963
0.000388231
0.000353478
0.000313791
0.000372315
0.000378922
0.000319438
0.000333641
0.000378246
0.000325794
0.000318918
0.000375264
0.000324064
0.000314575
0.000362539
0.000328147
0.000300843
0.000358575
0.000314961
0.000293418
0.000348191
0.000320792
0.00028155
0.000330318
0.000330521
0.00027319
0.000324657
0.000320794
0.00026739
0.000313513
0.00031542
0.00026056
0.000289597
0.000321071
0.000262482
0.000270434
0.000311474
0.000265616
0.000252972
0.000306081
0.000269844
0.000247726
0.000298008
0.000267815
0.000241101
0.000282952
0.000289533
0.00023585
0.000265603
0.000284995
0.000237206
0.000239036
0.000283476
0.000246282
0.000223358
0.000262065
0.000259871
0.000213655
0.000247406
0.000257696
0.000211283
0.00023009
0.000254965
0.000210964
0.000210033
0.000250124
0.000214879
0.000207759
0.000241709
0.000208791
0.000202026
0.000231263
0.000215292
0.000192238
0.000226794
0.000212157
0.000186275
0.000218904
0.0002119
0.000180342
0.000216727
0.000202009
0.000178117
0.000210151
0.000196137
0.000169823
0.000199749
0.000200629
0.00017227
0.000175678
0.000200188
0.000173331
0.000167771
0.000193857
0.000169091
0.000158398
0.00018873
0.000163345
0.00015536
0.000177863
0.000165021
0.000143836
0.000166007
0.000166837
0.000139734
0.000157113
0.000165251
0.000139234
0.00014682
0.00016553
0.000145337
0.000137116
0.000159518
0.000152192
0.000131793
0.000157151
0.000144069
0.000125943
0.000150814
0.000144056
0.000124767
0.000145043
0.000142081
0.000121693
0.000137324
0.000146797
0.000122783
0.000131007
0.000145479
0.000121806
0.000128801
0.000143666
0.000132192
0.000117926
0.000139429
0.000130967
0.000114511
0.000133274
0.000135397
0.000112937
0.000122829
0.000135634
0.000113687
0.000117504
0.000132512
0.000113427
0.000110016
0.000127989
0.00011705
0.000106562
0.000128035
0.000110496
0.000101779
0.000122164
0.000114379
0.000101997
0.000123239
0.000105919
0.000105112
0.000120486
0.000101306
0.0001035
0.000119023
0.000107805
9.77528e-05
0.000115361
0.00010968
9.39542e-05
0.000111199
0.000111277
9.33735e-05
0.000103919
0.000112336
9.95232e-05
9.28735e-05
0.000107745
0.000103654
8.7482e-05
0.000104523
9.86666e-05
8.43828e-05
0.000101469
9.33532e-05
8.20286e-05
9.7981e-05
8.99216e-05
7.8793e-05
9.04031e-05
9.13581e-05
7.7095e-05
8.61324e-05
9.17558e-05
7.58369e-05
8.20556e-05
9.01346e-05
7.40785e-05
8.22464e-05
8.50184e-05
7.01635e-05
8.02946e-05
8.25173e-05
6.90141e-05
7.70707e-05
8.08661e-05
6.68418e-05
7.19863e-05
7.92701e-05
6.85062e-05
6.57963e-05
7.67589e-05
6.87348e-05
6.4125e-05
7.24234e-05
7.23819e-05
6.03759e-05
6.65376e-05
7.20615e-05
6.0292e-05
6.3332e-05
6.94181e-05
6.08124e-05
5.80889e-05
6.59739e-05
6.37186e-05
5.49282e-05
6.29463e-05
6.31448e-05
5.30158e-05
6.18092e-05
6.00506e-05
5.11285e-05
5.8113e-05
6.029e-05
5.00399e-05
5.65714e-05
5.871e-05
4.87179e-05
5.39893e-05
5.70883e-05
4.95006e-05
4.90961e-05
5.58528e-05
5.04764e-05
4.62043e-05
5.43194e-05
5.01715e-05
4.44365e-05
5.2287e-05
4.91582e-05
4.23032e-05
4.88438e-05
4.93874e-05
4.12531e-05
4.55786e-05
4.92321e-05
4.24674e-05
4.04349e-05
4.64002e-05
4.4232e-05
3.83266e-05
4.37768e-05
4.41657e-05
3.70748e-05
4.16434e-05
4.33387e-05
3.68549e-05
3.88823e-05
4.26729e-05
3.68048e-05
3.63947e-05
4.04559e-05
3.64933e-05
3.39938e-05
3.9424e-05
3.54138e-05
3.25224e-05
3.75618e-05
3.58013e-05
3.11236e-05
3.51712e-05
3.61069e-05
3.11903e-05
3.14422e-05
3.49901e-05
3.06183e-05
3.01844e-05
3.37822e-05
2.90361e-05
2.9383e-05
3.24039e-05
2.85717e-05
2.82846e-05
3.17701e-05
2.8071e-05
2.70177e-05
3.03144e-05
2.88476e-05
2.58554e-05
2.78903e-05
2.93478e-05
2.61296e-05
2.65262e-05
2.86123e-05
2.47347e-05
2.63039e-05
2.7542e-05
2.36986e-05
2.55022e-05
2.6689e-05
2.33059e-05
2.53821e-05
2.59978e-05
2.3409e-05
2.38169e-05
2.57682e-05
2.24415e-05
2.3581e-05
2.49777e-05
2.16905e-05
2.16004e-05
2.43982e-05
2.25054e-05
2.08855e-05
2.36559e-05
2.25478e-05
2.0405e-05
2.30903e-05
2.24406e-05
1.9956e-05
2.25673e-05
2.21102e-05
1.95246e-05
2.11645e-05
2.23223e-05
1.9775e-05
1.9507e-05
2.21111e-05
2.00631e-05
1.84523e-05
2.09288e-05
2.01121e-05
1.7622e-05
2.00336e-05
1.97046e-05
1.72442e-05
1.96638e-05
1.92145e-05
1.69678e-05
1.93027e-05
1.87332e-05
1.64153e-05
1.83775e-05
1.89581e-05
1.63108e-05
1.799e-05
1.86346e-05
1.62134e-05
1.72942e-05
1.87461e-05
1.6291e-05
1.64096e-05
1.85033e-05
1.6822e-05
1.61426e-05
1.84921e-05
1.6446e-05
1.56484e-05
1.76403e-05
1.6928e-05
1.50683e-05
1.71302e-05
1.69011e-05
1.47658e-05
1.63347e-05
1.71124e-05
1.54812e-05
1.52139e-05
1.71132e-05
1.54761e-05
1.4945e-05
1.68323e-05
1.55093e-05
1.42877e-05
1.60492e-05
1.59475e-05
1.40606e-05
1.52022e-05
1.60277e-05
1.41797e-05
1.43322e-05
1.59171e-05
1.48229e-05
1.38338e-05
1.55851e-05
1.53471e-05
1.3705e-05
1.46953e-05
1.55901e-05
1.38624e-05
1.3855e-05
1.55125e-05
1.39369e-05
1.36489e-05
1.52306e-05
1.37254e-05
1.34451e-05
1.49091e-05
1.34429e-05
1.28817e-05
1.47449e-05
1.34782e-05
1.28309e-05
1.44398e-05
1.30888e-05
1.23078e-05
1.40007e-05
1.34286e-05
1.21507e-05
1.29206e-05
1.38314e-05
1.19173e-05
1.28579e-05
1.31977e-05
1.14379e-05
1.25274e-05
1.27775e-05
1.11857e-05
1.2162e-05
1.25825e-05
1.09877e-05
1.16651e-05
1.22917e-05
1.08541e-05
1.1855e-05
1.18878e-05
1.06016e-05
1.17107e-05
1.18159e-05
1.06349e-05
1.10432e-05
1.18961e-05
1.10199e-05
1.04108e-05
1.14881e-05
1.12731e-05
1.00641e-05
1.11414e-05
1.12194e-05
9.94676e-06
1.04398e-05
1.12405e-05
1.00654e-05
9.87732e-06
1.11233e-05
9.92776e-06
9.68768e-06
1.07137e-05
1.03551e-05
9.21203e-06
1.02076e-05
1.02073e-05
9.03318e-06
9.97477e-06
1.00399e-05
8.974e-06
9.31483e-06
9.99229e-06
9.09511e-06
8.78048e-06
9.77029e-06
9.31306e-06
8.54059e-06
9.70752e-06
8.98596e-06
8.18609e-06
9.28189e-06
9.12195e-06
8.15959e-06
9.28555e-06
8.76648e-06
8.06991e-06
9.00879e-06
8.78562e-06
7.88538e-06
8.85957e-06
8.571e-06
7.78242e-06
8.77243e-06
8.19619e-06
7.59142e-06
8.51902e-06
8.21971e-06
7.4619e-06
7.90129e-06
8.3554e-06
7.37137e-06
7.4144e-06
8.20028e-06
7.4642e-06
7.06166e-06
7.76377e-06
7.75228e-06
6.83089e-06
7.53245e-06
7.67458e-06
6.76587e-06
7.24536e-06
7.50786e-06
6.62214e-06
6.92381e-06
7.47707e-06
6.68271e-06
6.65631e-06
7.44623e-06
6.73014e-06
6.21682e-06
7.08096e-06
7.06498e-06
6.24275e-06
7.02768e-06
6.97328e-06
6.18654e-06
6.91421e-06
6.81684e-06
6.0629e-06
6.57461e-06
6.90023e-06
6.12169e-06
6.49547e-06
6.88528e-06
5.94216e-06
6.39477e-06
6.66455e-06
6.00338e-06
5.89737e-06
6.53012e-06
6.30567e-06
5.64929e-06
6.21249e-06
6.48035e-06
5.63375e-06
6.15835e-06
6.28384e-06
5.45795e-06
6.01168e-06
6.13949e-06
5.36243e-06
5.82764e-06
6.04124e-06
5.30547e-06
5.65589e-06
5.97816e-06
5.31714e-06
5.47468e-06
5.92129e-06
5.4888e-06
5.19932e-06
5.73321e-06
5.53979e-06
5.06455e-06
5.56576e-06
5.49602e-06
4.9449e-06
5.37194e-06
5.39821e-06
4.82086e-06
5.15331e-06
5.28891e-06
4.7026e-06
4.9269e-06
5.21102e-06
4.72356e-06
4.71723e-06
5.07627e-06
4.87698e-06
4.54265e-06
4.86176e-06
4.97076e-06
4.50588e-06
4.78349e-06
4.79811e-06
4.43958e-06
4.5437e-06
4.88351e-06
4.52345e-06
4.39415e-06
4.70316e-06
4.51821e-06
4.28287e-06
4.66606e-06
4.47616e-06
4.2095e-06
4.54644e-06
4.36702e-06
4.13766e-06
4.55075e-06
4.36607e-06
4.11026e-06
4.46816e-06
4.236e-06
3.91352e-06
4.23172e-06
4.24569e-06
3.84239e-06
4.06531e-06
4.2442e-06
3.81279e-06
3.86412e-06
4.16862e-06
3.85529e-06
3.80199e-06
4.13376e-06
3.87045e-06
3.70993e-06
3.97773e-06
3.96787e-06
3.70719e-06
3.8174e-06
4.00966e-06
3.76741e-06
3.69177e-06
4.01268e-06
3.72903e-06
3.6969e-06
3.92476e-06
3.77508e-06
3.61642e-06
3.91097e-06
3.74996e-06
3.52957e-06
3.80207e-06
3.77722e-06
3.51508e-06
3.74527e-06
3.75403e-06
3.4642e-06
3.71597e-06
3.57958e-06
3.33487e-06
3.56827e-06
3.57102e-06
3.27853e-06
3.39734e-06
3.52297e-06
3.26765e-06
3.31167e-06
3.51997e-06
3.243e-06
3.24899e-06
3.44658e-06
3.15174e-06
3.15685e-06
3.36532e-06
3.21013e-06
2.99048e-06
3.21529e-06
3.21247e-06
2.93e-06
3.07888e-06
3.18335e-06
2.90229e-06
3.05914e-06
3.10432e-06
2.78605e-06
3.04435e-06
2.94631e-06
2.71358e-06
2.91345e-06
2.97196e-06
2.67182e-06
2.80284e-06
2.90421e-06
2.62928e-06
2.70352e-06
2.86554e-06
2.70508e-06
2.61056e-06
2.83387e-06
2.69436e-06
2.52732e-06
2.76642e-06
2.76655e-06
2.48152e-06
2.64411e-06
2.77097e-06
2.45436e-06
2.55955e-06
2.70706e-06
2.41082e-06
2.46201e-06
2.65166e-06
2.45217e-06
2.35013e-06
2.54426e-06
2.53592e-06
2.30018e-06
2.41233e-06
2.53386e-06
2.27502e-06
2.33043e-06
2.47609e-06
2.24921e-06
2.29754e-06
2.39707e-06
2.17269e-06
2.20531e-06
2.34148e-06
2.15896e-06
2.08677e-06
2.24556e-06
2.22952e-06
2.05508e-06
2.22648e-06
2.20456e-06
2.01806e-06
2.19971e-06
2.12578e-06
1.97002e-06
2.15888e-06
2.02582e-06
1.91936e-06
2.0779e-06
2.00386e-06
1.86551e-06
1.98913e-06
2.02712e-06
1.85838e-06
1.9323e-06
1.99026e-06
1.80077e-06
1.85148e-06
1.94774e-06
1.86032e-06
1.7711e-06
1.92351e-06
1.78104e-06
1.69972e-06
1.84345e-06
1.79129e-06
1.67442e-06
1.79189e-06
1.77904e-06
1.63863e-06
1.73903e-06
1.76038e-06
1.61614e-06
1.67162e-06
1.77073e-06
1.62819e-06
1.6239e-06
1.73555e-06
1.62525e-06
1.58294e-06
1.71689e-06
1.64097e-06
1.58259e-06
1.67627e-06
1.63355e-06
1.53545e-06
1.62752e-06
1.63397e-06
1.50768e-06
1.59291e-06
1.61064e-06
1.51032e-06
1.55849e-06
1.63672e-06
1.50422e-06
1.53018e-06
1.65269e-06
1.56361e-06
1.48313e-06
1.61236e-06
1.55465e-06
1.42916e-06
1.5265e-06
1.62402e-06
1.48852e-06
1.53797e-06
1.61387e-06
1.45559e-06
1.47172e-06
1.5789e-06
1.4827e-06
1.42278e-06
1.5264e-06
1.53686e-06
1.39419e-06
1.53224e-06
1.50066e-06
1.35659e-06
1.46949e-06
1.49365e-06
1.36047e-06
1.48202e-06
1.41694e-06
1.2991e-06
1.40678e-06
1.42411e-06
1.29316e-06
1.36869e-06
1.39159e-06
1.25544e-06
1.32872e-06
1.32776e-06
1.20862e-06
1.28546e-06
1.2996e-06
1.20693e-06
1.19671e-06
1.26813e-06
1.23978e-06
1.15535e-06
1.24742e-06
1.18305e-06
1.11403e-06
1.19555e-06
1.18367e-06
1.09973e-06
1.13923e-06
1.17447e-06
1.07583e-06
1.09797e-06
1.16402e-06
1.05876e-06
1.08241e-06
1.14605e-06
1.03765e-06
1.09453e-06
1.08868e-06
1.00747e-06
1.03572e-06
1.09068e-06
1.02248e-06
9.90324e-07
1.04917e-06
1.04001e-06
9.61462e-07
1.02134e-06
1.00747e-06
9.3658e-07
9.75444e-07
1.00625e-06
9.17254e-07
9.48726e-07
9.88334e-07
9.11263e-07
9.21715e-07
9.81216e-07
9.18749e-07
8.81662e-07
9.43267e-07
9.40386e-07
8.63383e-07
9.04469e-07
9.3533e-07
8.67146e-07
8.96621e-07
9.11278e-07
8.46306e-07
8.62908e-07
9.07925e-07
8.43298e-07
8.57914e-07
9.02423e-07
8.39279e-07
8.32417e-07
8.83389e-07
8.49482e-07
8.25277e-07
8.73631e-07
8.30818e-07
8.01372e-07
8.36186e-07
8.1455e-07
7.8473e-07
8.29699e-07
7.96611e-07
7.71473e-07
8.22091e-07
7.75523e-07
7.4615e-07
7.92668e-07
7.84024e-07
7.38408e-07
7.71612e-07
7.87784e-07
7.37291e-07
7.31655e-07
7.77256e-07
7.4794e-07
7.22151e-07
7.54442e-07
7.48484e-07
7.13011e-07
7.44795e-07
7.40757e-07
7.0407e-07
7.26253e-07
7.26654e-07
6.86654e-07
7.08165e-07
7.34108e-07
6.9478e-07
6.90825e-07
7.29239e-07
6.99997e-07
6.85425e-07
7.12097e-07
6.81957e-07
6.69799e-07
7.04717e-07
6.79705e-07
6.56648e-07
6.88083e-07
6.75232e-07
6.45664e-07
6.77056e-07
6.73783e-07
6.38281e-07
6.58056e-07
6.68909e-07
6.3393e-07
6.43995e-07
6.58654e-07
6.26357e-07
6.31222e-07
6.50954e-07
6.31544e-07
6.21631e-07
6.38398e-07
6.35782e-07
6.18729e-07
6.3264e-07
6.40311e-07
6.18508e-07
6.28103e-07
6.29737e-07
6.05313e-07
6.10319e-07
6.22539e-07
6.04221e-07
6.03703e-07
6.20793e-07
6.05665e-07
5.94254e-07
6.1051e-07
5.97506e-07
5.88788e-07
6.03633e-07
5.83484e-07
5.71827e-07
5.9104e-07
5.82212e-07
5.63669e-07
5.79483e-07
5.84098e-07
5.60275e-07
5.56809e-07
5.71406e-07
5.5588e-07
5.48508e-07
5.55525e-07
5.36803e-07
5.21424e-07
5.29079e-07
5.39185e-07
5.23231e-07
5.28605e-07
5.31248e-07
5.16116e-07
5.14328e-07
5.24063e-07
5.07229e-07
5.03478e-07
5.14707e-07
4.9944e-07
4.92459e-07
5.03246e-07
4.92423e-07
4.88085e-07
4.97444e-07
4.88997e-07
4.80151e-07
4.89492e-07
4.86072e-07
4.74377e-07
4.82799e-07
4.81658e-07
4.6351e-07
4.67107e-07
4.69687e-07
4.53545e-07
4.56189e-07
4.61417e-07
4.46258e-07
4.41408e-07
4.5649e-07
4.45461e-07
4.37131e-07
4.44644e-07
4.40435e-07
4.28792e-07
4.36762e-07
4.33803e-07
4.14747e-07
4.20143e-07
4.26385e-07
4.12949e-07
4.11155e-07
4.21412e-07
4.13313e-07
4.0235e-07
4.12622e-07
4.03138e-07
3.86368e-07
3.96271e-07
3.96256e-07
3.82917e-07
3.87689e-07
3.8609e-07
3.73528e-07
3.75937e-07
3.78029e-07
3.63308e-07
3.70547e-07
3.67197e-07
3.44655e-07
3.50033e-07
3.65077e-07
3.4819e-07
3.47036e-07
3.55111e-07
3.33761e-07
3.29152e-07
3.40878e-07
3.28869e-07
3.19048e-07
3.27699e-07
3.1875e-07
3.0613e-07
3.15951e-07
3.14301e-07
2.98543e-07
3.06273e-07
2.98372e-07
2.87251e-07
2.91226e-07
2.96001e-07
2.85292e-07
2.84637e-07
2.90422e-07
2.755e-07
2.74086e-07
2.83041e-07
2.69789e-07
2.62177e-07
2.71648e-07
2.68103e-07
2.55055e-07
2.61203e-07
2.66036e-07
2.49286e-07
2.49295e-07
2.57597e-07
2.42801e-07
2.40458e-07
2.52231e-07
2.39919e-07
2.39787e-07
2.44698e-07
2.30297e-07
2.33976e-07
2.35456e-07
2.21184e-07
2.23598e-07
2.30767e-07
2.20276e-07
2.18133e-07
2.24099e-07
2.12839e-07
2.12703e-07
2.20683e-07
2.06893e-07
2.06604e-07
2.14153e-07
2.10357e-07
2.00292e-07
2.04602e-07
1.99975e-07
1.88351e-07
1.92411e-07
1.97967e-07
1.88335e-07
1.89975e-07
1.91448e-07
1.82601e-07
1.81434e-07
1.85824e-07
1.79538e-07
1.77015e-07
1.80159e-07
1.74669e-07
1.71126e-07
1.72977e-07
1.71442e-07
1.67092e-07
1.7038e-07
1.67437e-07
1.62318e-07
1.65744e-07
1.6208e-07
1.5698e-07
1.60093e-07
1.60542e-07
1.52222e-07
1.52844e-07
1.57774e-07
1.52819e-07
1.52512e-07
1.5615e-07
1.49149e-07
1.45982e-07
1.51932e-07
1.48682e-07
1.45231e-07
1.49051e-07
1.4924e-07
1.42656e-07
1.46221e-07
1.48029e-07
1.41477e-07
1.44805e-07
1.46325e-07
1.40388e-07
1.42933e-07
1.43945e-07
1.37465e-07
1.40347e-07
1.40132e-07
1.34445e-07
1.37895e-07
1.39965e-07
1.33652e-07
1.34842e-07
1.37689e-07
1.32227e-07
1.32615e-07
1.34311e-07
1.28184e-07
1.28311e-07
1.3335e-07
1.29209e-07
1.26283e-07
1.29029e-07
1.28836e-07
1.25967e-07
1.27717e-07
1.29583e-07
1.26753e-07
1.28509e-07
1.31149e-07
1.27026e-07
1.26348e-07
1.3262e-07
1.30047e-07
1.26267e-07
1.30004e-07
1.3336e-07
1.275e-07
1.30042e-07
1.31067e-07
1.25485e-07
1.25013e-07
1.28275e-07
1.24178e-07
1.21394e-07
1.25604e-07
1.2409e-07
1.19229e-07
1.21451e-07
1.23501e-07
1.17354e-07
1.18615e-07
1.20899e-07
1.15235e-07
1.15868e-07
1.19169e-07
1.15024e-07
1.16052e-07
1.17316e-07
1.12637e-07
1.14103e-07
1.15322e-07
1.11172e-07
1.11192e-07
1.13643e-07
1.11513e-07
1.10427e-07
1.13864e-07
1.10508e-07
1.10943e-07
1.12356e-07
1.09645e-07
1.0926e-07
1.11824e-07
1.099e-07
1.0772e-07
1.08891e-07
1.0777e-07
1.05843e-07
1.08066e-07
1.0734e-07
1.03648e-07
1.0513e-07
1.05669e-07
1.01369e-07
1.00635e-07
1.03576e-07
1.01523e-07
1.00617e-07
1.0224e-07
1.011e-07
1.00574e-07
1.00281e-07
9.76373e-08
9.76653e-08
9.79829e-08
9.6726e-08
9.56425e-08
9.522e-08
9.47179e-08
9.27753e-08
9.23164e-08
9.2598e-08
9.11224e-08
9.13595e-08
9.18861e-08
9.03328e-08
9.00734e-08
8.96622e-08
8.69436e-08
8.62231e-08
8.77244e-08
8.53172e-08
8.47254e-08
8.53467e-08
8.42738e-08
8.32883e-08
8.30457e-08
8.19053e-08
8.06231e-08
8.06469e-08
8.09651e-08
7.93145e-08
7.88824e-08
7.90565e-08
7.76836e-08
7.71957e-08
7.69213e-08
7.58366e-08
7.56532e-08
7.6116e-08
7.47695e-08
7.41134e-08
7.40028e-08
7.27513e-08
7.24046e-08
7.13695e-08
7.00479e-08
7.04913e-08
7.01081e-08
6.90061e-08
6.95272e-08
6.92392e-08
6.80718e-08
6.89705e-08
6.87866e-08
6.67658e-08
6.73285e-08
6.76743e-08
6.67697e-08
6.64735e-08
6.61604e-08
6.7108e-08
6.57367e-08
6.58695e-08
6.60485e-08
6.47506e-08
6.32087e-08
6.5211e-08
6.48934e-08
6.34069e-08
6.46423e-08
6.22817e-08
6.09722e-08
6.28493e-08
6.22362e-08
6.04634e-08
6.18896e-08
6.05645e-08
5.91407e-08
6.13054e-08
6.03275e-08
5.77869e-08
5.93e-08
5.96804e-08
5.76982e-08
5.87741e-08
5.98595e-08
5.76242e-08
5.79511e-08
5.95816e-08
5.84975e-08
5.7369e-08
5.86627e-08
5.81405e-08
5.69182e-08
5.84325e-08
5.74542e-08
5.6392e-08
5.75364e-08
5.66497e-08
5.58971e-08
5.63285e-08
5.58194e-08
5.38983e-08
5.41264e-08
5.45338e-08
5.39925e-08
5.3784e-08
5.36361e-08
5.26158e-08
5.27471e-08
5.31364e-08
5.25284e-08
5.16311e-08
5.19923e-08
5.21678e-08
5.12221e-08
5.11748e-08
5.13773e-08
5.04862e-08
4.97928e-08
4.96563e-08
4.88141e-08
4.87665e-08
4.90149e-08
4.85535e-08
4.71237e-08
4.6224e-08
4.737e-08
4.69521e-08
4.65457e-08
4.6374e-08
4.51522e-08
4.45834e-08
4.50016e-08
4.46367e-08
4.38116e-08
4.38762e-08
4.28612e-08
4.18337e-08
4.20618e-08
4.20179e-08
4.08092e-08
4.04976e-08
4.02468e-08
3.92687e-08
3.89335e-08
3.82661e-08
3.7414e-08
3.71347e-08
3.68616e-08
3.65888e-08
3.62547e-08
3.5714e-08
3.5109e-08
3.48282e-08
3.49164e-08
3.42018e-08
3.34531e-08
3.3383e-08
3.32777e-08
3.26402e-08
3.22033e-08
3.18532e-08
3.12039e-08
3.10549e-08
3.10216e-08
3.01285e-08
2.96004e-08
2.97079e-08
2.92869e-08
2.88494e-08
2.90569e-08
2.84308e-08
2.77555e-08
2.76607e-08
2.76161e-08
2.68089e-08
2.66421e-08
2.66809e-08
2.65185e-08
2.59122e-08
2.60384e-08
2.55495e-08
2.49535e-08
2.51321e-08
2.51596e-08
2.44275e-08
2.45663e-08
2.41864e-08
2.32335e-08
2.3225e-08
2.33906e-08
2.3077e-08
2.30152e-08
2.3336e-08
2.26183e-08
2.25824e-08
2.29026e-08
2.22699e-08
2.21857e-08
2.24329e-08
2.17835e-08
2.16393e-08
2.18181e-08
2.12448e-08
2.11593e-08
2.11267e-08
2.05712e-08
2.06677e-08
2.08794e-08
2.01276e-08
1.98138e-08
2.04077e-08
1.99347e-08
1.94656e-08
1.97896e-08
1.97173e-08
1.89538e-08
1.89656e-08
1.93326e-08
1.87601e-08
1.84394e-08
1.89584e-08
1.84108e-08
1.79943e-08
1.86598e-08
1.81833e-08
1.75937e-08
1.8039e-08
1.79118e-08
1.69512e-08
1.74748e-08
1.75811e-08
1.64258e-08
1.67861e-08
1.70903e-08
1.59902e-08
1.6026e-08
1.67764e-08
1.60025e-08
1.56263e-08
1.62731e-08
1.57449e-08
1.50569e-08
1.56259e-08
1.56378e-08
1.46518e-08
1.50929e-08
1.53809e-08
1.42615e-08
1.44942e-08
1.5011e-08
1.39359e-08
1.3977e-08
1.45264e-08
1.39198e-08
1.32919e-08
1.39486e-08
1.38487e-08
1.27633e-08
1.31451e-08
1.38549e-08
1.2707e-08
1.27075e-08
1.34256e-08
1.25773e-08
1.2638e-08
1.30371e-08
1.20036e-08
1.23894e-08
1.26471e-08
1.16121e-08
1.19044e-08
1.23818e-08
1.15583e-08
1.15756e-08
1.20848e-08
1.13828e-08
1.10859e-08
1.18616e-08
1.13161e-08
1.09207e-08
1.14976e-08
1.13884e-08
1.07331e-08
1.1125e-08
1.13173e-08
1.0672e-08
1.09393e-08
1.12724e-08
1.05094e-08
1.07755e-08
1.11009e-08
1.058e-08
1.03038e-08
1.09568e-08
1.07573e-08
9.98332e-09
1.04551e-08
1.0775e-08
9.82135e-09
1.02776e-08
1.03161e-08
9.53933e-09
1.0054e-08
1.00759e-08
9.32502e-09
9.77204e-09
9.83701e-09
9.12728e-09
9.63109e-09
9.42639e-09
8.73126e-09
9.19887e-09
9.28546e-09
8.52254e-09
8.74771e-09
9.23705e-09
8.67963e-09
8.5382e-09
9.09472e-09
8.67415e-09
8.30433e-09
8.97695e-09
8.65827e-09
8.07227e-09
8.55666e-09
8.68314e-09
8.08196e-09
8.55712e-09
8.53326e-09
7.93545e-09
8.2069e-09
8.56369e-09
8.01676e-09
7.9093e-09
8.37929e-09
8.05833e-09
7.76406e-09
8.23506e-09
8.15369e-09
7.63867e-09
7.83828e-09
8.11901e-09
7.5531e-09
7.81506e-09
7.94931e-09
7.33519e-09
7.64911e-09
7.64814e-09
7.05576e-09
7.35455e-09
7.61083e-09
7.00834e-09
7.07347e-09
7.46858e-09
7.03708e-09
6.88826e-09
7.28986e-09
7.0678e-09
6.75262e-09
7.1843e-09
7.12045e-09
6.64902e-09
6.98896e-09
6.92738e-09
6.48751e-09
6.7118e-09
6.95713e-09
6.54656e-09
6.68854e-09
6.87923e-09
6.60004e-09
6.48139e-09
6.82312e-09
6.38371e-09
6.35995e-09
6.54414e-09
6.11733e-09
5.98896e-09
6.32902e-09
6.10457e-09
5.80551e-09
6.12807e-09
6.12681e-09
5.75651e-09
5.99498e-09
5.99823e-09
5.63073e-09
5.75747e-09
5.91054e-09
5.56238e-09
5.57012e-09
5.74977e-09
5.54381e-09
5.28324e-09
5.50155e-09
5.25041e-09
4.92928e-09
5.13972e-09
5.15501e-09
4.80868e-09
4.87921e-09
4.98416e-09
4.67165e-09
4.71181e-09
4.8462e-09
4.5752e-09
4.56643e-09
4.72265e-09
4.44183e-09
4.34806e-09
4.48399e-09
4.46537e-09
4.19818e-09
4.35713e-09
4.25662e-09
4.01778e-09
4.21987e-09
4.17747e-09
3.90167e-09
4.06327e-09
3.93929e-09
3.70145e-09
3.84694e-09
3.87356e-09
3.66711e-09
3.70453e-09
3.82981e-09
3.59892e-09
3.55662e-09
3.77015e-09
3.59136e-09
3.47089e-09
3.69382e-09
3.53645e-09
3.35546e-09
3.56888e-09
3.51464e-09
3.32766e-09
3.52079e-09
3.33065e-09
3.17117e-09
3.35106e-09
3.29623e-09
3.10802e-09
3.26591e-09
3.30939e-09
3.08737e-09
3.09212e-09
3.26774e-09
3.14162e-09
2.99111e-09
3.12351e-09
3.16742e-09
2.96126e-09
3.02098e-09
3.15673e-09
2.95209e-09
3.03121e-09
3.13224e-09
2.88891e-09
3.04028e-09
3.04983e-09
2.85461e-09
3.0243e-09
3.02248e-09
2.82043e-09
2.93238e-09
3.03296e-09
2.81954e-09
2.87021e-09
2.99605e-09
2.80108e-09
2.80012e-09
2.95939e-09
2.79686e-09
2.77294e-09
2.91503e-09
2.73546e-09
2.66102e-09
2.83533e-09
2.76852e-09
2.62256e-09
2.82883e-09
2.7095e-09
2.54278e-09
2.69441e-09
2.72419e-09
2.47347e-09
2.56753e-09
2.61224e-09
2.41867e-09
2.45413e-09
2.58774e-09
2.39754e-09
2.38518e-09
2.51986e-09
2.35757e-09
2.321e-09
2.44754e-09
2.3963e-09
2.24811e-09
2.36697e-09
2.34153e-09
2.1852e-09
2.26739e-09
2.32453e-09
2.12709e-09
2.16796e-09
2.28229e-09
2.11583e-09
2.08906e-09
2.18219e-09
2.11718e-09
2.01466e-09
2.13342e-09
2.07842e-09
1.95078e-09
2.081e-09
2.01512e-09
1.89172e-09
2.02198e-09
1.99199e-09
1.84578e-09
1.93406e-09
1.96585e-09
1.82782e-09
1.82438e-09
1.90895e-09
1.82824e-09
1.76046e-09
1.84225e-09
1.80659e-09
1.703e-09
1.78127e-09
1.77169e-09
1.67487e-09
1.76741e-09
1.70756e-09
1.62075e-09
1.71599e-09
1.72862e-09
1.60605e-09
1.70298e-09
1.69363e-09
1.58794e-09
1.69142e-09
1.64301e-09
1.55721e-09
1.64128e-09
1.59395e-09
1.51798e-09
1.58935e-09
1.61411e-09
1.50695e-09
1.51745e-09
1.586e-09
1.49481e-09
1.46114e-09
1.52816e-09
1.481e-09
1.39695e-09
1.46394e-09
1.45089e-09
1.34712e-09
1.38497e-09
1.42949e-09
1.35171e-09
1.33128e-09
1.39466e-09
1.34166e-09
1.29012e-09
1.35217e-09
1.31281e-09
1.24743e-09
1.30196e-09
1.29605e-09
1.21259e-09
1.21375e-09
1.2823e-09
1.22001e-09
1.21982e-09
1.25513e-09
1.17251e-09
1.18736e-09
1.20695e-09
1.13482e-09
1.13602e-09
1.19182e-09
1.13078e-09
1.10263e-09
1.16439e-09
1.12586e-09
1.08739e-09
1.11452e-09
1.10511e-09
1.06923e-09
1.1092e-09
1.07569e-09
1.03584e-09
1.0811e-09
1.05615e-09
1.00956e-09
1.0311e-09
1.05644e-09
9.98766e-10
1.02401e-09
1.03162e-09
9.68757e-10
9.88047e-10
1.01735e-09
9.64627e-10
9.53229e-10
9.98489e-10
9.52266e-10
9.29209e-10
9.52417e-10
9.37147e-10
9.07149e-10
9.51186e-10
9.32423e-10
8.92741e-10
9.25633e-10
9.1573e-10
8.69904e-10
8.9362e-10
9.05206e-10
8.43817e-10
8.4719e-10
8.8616e-10
8.46534e-10
8.20775e-10
8.66799e-10
8.56832e-10
8.25251e-10
8.60005e-10
8.18927e-10
7.81203e-10
8.35416e-10
8.43939e-10
7.87917e-10
8.04494e-10
8.44286e-10
7.90148e-10
7.84798e-10
8.3965e-10
8.02059e-10
7.87203e-10
8.28285e-10
8.03432e-10
7.72535e-10
8.06191e-10
8.08367e-10
7.62683e-10
7.98429e-10
7.88217e-10
7.41739e-10
7.74181e-10
7.8612e-10
7.36394e-10
7.72706e-10
7.65987e-10
7.00805e-10
7.38428e-10
7.54354e-10
6.97066e-10
7.18319e-10
7.53591e-10
7.17139e-10
6.94724e-10
7.35928e-10
7.15817e-10
6.77716e-10
7.21503e-10
7.07388e-10
6.5876e-10
7.03685e-10
7.12758e-10
6.53198e-10
6.70267e-10
7.13788e-10
6.67055e-10
6.41934e-10
6.90318e-10
6.65267e-10
6.33728e-10
6.83144e-10
6.46415e-10
6.22719e-10
6.7016e-10
6.37666e-10
6.09668e-10
6.6148e-10
6.15669e-10
5.871e-10
6.42854e-10
6.2374e-10
5.72925e-10
6.16492e-10
6.25859e-10
5.7759e-10
6.01096e-10
6.25343e-10
5.88675e-10
5.77277e-10
6.21497e-10
5.82651e-10
5.6727e-10
6.09243e-10
5.62076e-10
5.51167e-10
5.94709e-10
5.36896e-10
5.38236e-10
5.74401e-10
5.49839e-10
5.11306e-10
5.50673e-10
5.51511e-10
4.9921e-10
5.28293e-10
5.46067e-10
4.96873e-10
4.95566e-10
5.37939e-10
5.09506e-10
4.75137e-10
5.16681e-10
5.14262e-10
4.61451e-10
4.93074e-10
5.13025e-10
4.52609e-10
4.78379e-10
4.9583e-10
4.42873e-10
4.67451e-10
4.82722e-10
4.28875e-10
4.54244e-10
4.64457e-10
4.21149e-10
4.29853e-10
4.61323e-10
4.15056e-10
4.07963e-10
4.47013e-10
4.14766e-10
3.96903e-10
4.39658e-10
4.10827e-10
3.91532e-10
4.29582e-10
4.01815e-10
3.72875e-10
4.07512e-10
4.13086e-10
3.6499e-10
3.91875e-10
4.10299e-10
3.57893e-10
3.6796e-10
3.99926e-10
3.67758e-10
3.63719e-10
3.98109e-10
3.62651e-10
3.49057e-10
3.84709e-10
3.7145e-10
3.42619e-10
3.67381e-10
3.73267e-10
3.37278e-10
3.56293e-10
3.68534e-10
3.29391e-10
3.41391e-10
3.58083e-10
3.30992e-10
3.19913e-10
3.47739e-10
3.37835e-10
3.08365e-10
3.36187e-10
3.3142e-10
3.03513e-10
3.28312e-10
3.22154e-10
2.95967e-10
3.20014e-10
3.14738e-10
2.85602e-10
3.03993e-10
3.09697e-10
2.89561e-10
2.79278e-10
3.04673e-10
2.90965e-10
2.74636e-10
2.99612e-10
2.80216e-10
2.64055e-10
2.85261e-10
2.75847e-10
2.52648e-10
2.73033e-10
2.71452e-10
2.43326e-10
2.5877e-10
2.70669e-10
2.39497e-10
2.51623e-10
2.64773e-10
2.37603e-10
2.47693e-10
2.60035e-10
2.36676e-10
2.39351e-10
2.61386e-10
2.36999e-10
2.31127e-10
2.56386e-10
2.41365e-10
2.27284e-10
2.51435e-10
2.37535e-10
2.15051e-10
2.3819e-10
2.43349e-10
2.17043e-10
2.30267e-10
2.40675e-10
2.22415e-10
2.15905e-10
2.35544e-10
2.28963e-10
2.07388e-10
2.23888e-10
2.32397e-10
2.07811e-10
2.19166e-10
2.28949e-10
2.04329e-10
2.08227e-10
2.29383e-10
2.07081e-10
2.07674e-10
2.20509e-10
2.01272e-10
2.00093e-10
2.18118e-10
1.99328e-10
1.95912e-10
2.13401e-10
1.95928e-10
1.91902e-10
2.08017e-10
1.90727e-10
1.8428e-10
2.01664e-10
1.93162e-10
1.81297e-10
1.9802e-10
1.8323e-10
1.75374e-10
1.91818e-10
1.7963e-10
1.72935e-10
1.8209e-10
1.82165e-10
1.64812e-10
1.78943e-10
1.76151e-10
1.61365e-10
1.77561e-10
1.71745e-10
1.55634e-10
1.70132e-10
1.74097e-10
1.54092e-10
1.63976e-10
1.71853e-10
1.54174e-10
1.54858e-10
1.695e-10
1.55732e-10
1.47439e-10
1.63494e-10
1.5977e-10
1.45309e-10
1.57244e-10
1.59983e-10
1.44551e-10
1.4926e-10
1.60636e-10
1.48984e-10
1.48617e-10
1.57975e-10
1.4343e-10
1.41755e-10
1.56159e-10
1.42291e-10
1.38099e-10
1.49988e-10
1.42042e-10
1.33224e-10
1.4601e-10
1.4268e-10
1.30663e-10
1.37027e-10
1.43918e-10
1.34046e-10
1.31547e-10
1.43505e-10
1.34509e-10
1.2901e-10
1.43169e-10
1.34464e-10
1.27348e-10
1.39445e-10
1.3053e-10
1.24354e-10
1.37105e-10
1.28319e-10
1.22665e-10
1.3437e-10
1.25607e-10
1.17256e-10
1.297e-10
1.2719e-10
1.138e-10
1.2367e-10
1.26916e-10
1.12589e-10
1.21046e-10
1.25066e-10
1.1121e-10
1.16305e-10
1.25298e-10
1.15102e-10
1.11344e-10
1.22182e-10
1.18466e-10
1.07923e-10
1.18764e-10
1.16839e-10
1.04901e-10
1.10016e-10
1.19328e-10
1.04135e-10
1.07171e-10
1.14544e-10
1.02952e-10
1.03496e-10
1.11995e-10
9.93176e-11
9.52424e-11
1.06309e-10
1.0318e-10
9.34927e-11
1.04075e-10
1.01723e-10
9.08768e-11
1.0068e-10
1.00423e-10
8.76232e-11
9.68598e-11
9.6853e-11
8.50614e-11
9.03663e-11
9.47717e-11
8.54769e-11
8.4665e-11
9.31403e-11
8.48426e-11
7.92295e-11
9.02159e-11
8.61887e-11
7.62369e-11
8.52665e-11
8.69582e-11
7.54278e-11
8.166e-11
8.57956e-11
7.40607e-11
7.85736e-11
8.48036e-11
7.85786e-11
7.34707e-11
8.49013e-11
7.90383e-11
7.36652e-11
8.48445e-11
7.7773e-11
7.24973e-11
8.40788e-11
7.71679e-11
7.02769e-11
7.89835e-11
8.10181e-11
6.99994e-11
7.40641e-11
8.22395e-11
7.1673e-11
7.37956e-11
8.14259e-11
7.15626e-11
7.34352e-11
7.96109e-11
6.84501e-11
7.00712e-11
7.80961e-11
6.84328e-11
6.99332e-11
7.64746e-11
6.53405e-11
6.59912e-11
7.35583e-11
6.8554e-11
6.4983e-11
7.26435e-11
6.77159e-11
6.19297e-11
6.84819e-11
7.09028e-11
6.18386e-11
6.42011e-11
6.90429e-11
6.07449e-11
6.20494e-11
6.76053e-11
5.78673e-11
6.06992e-11
6.57621e-11
5.85885e-11
5.71652e-11
6.48472e-11
5.98899e-11
5.46938e-11
6.15244e-11
6.20079e-11
5.44537e-11
6.15048e-11
5.97671e-11
5.26338e-11
6.0108e-11
5.8759e-11
5.17517e-11
5.69159e-11
5.96948e-11
5.14568e-11
5.44857e-11
5.89569e-11
5.29838e-11
5.06856e-11
5.74393e-11
5.35417e-11
4.89046e-11
5.47305e-11
5.41038e-11
4.75191e-11
5.21188e-11
5.44381e-11
4.72627e-11
4.79405e-11
5.47152e-11
4.81833e-11
4.79797e-11
5.36364e-11
4.59345e-11
4.58193e-11
5.24443e-11
4.66622e-11
4.66844e-11
5.06788e-11
4.45089e-11
4.40184e-11
5.00196e-11
4.45216e-11
4.32385e-11
4.7967e-11
4.35405e-11
4.02691e-11
4.6257e-11
4.53111e-11
3.97734e-11
4.42257e-11
4.59237e-11
3.95229e-11
4.2592e-11
4.56408e-11
3.89581e-11
4.16503e-11
4.46131e-11
3.9513e-11
4.09931e-11
4.52285e-11
3.8681e-11
3.89137e-11
4.43405e-11
4.09456e-11
3.79368e-11
4.28194e-11
4.18814e-11
3.68341e-11
4.09409e-11
4.24721e-11
3.64147e-11
3.89718e-11
4.2781e-11
3.76604e-11
3.64662e-11
4.18117e-11
3.92441e-11
3.52693e-11
4.0622e-11
3.9153e-11
3.42911e-11
3.94565e-11
3.9359e-11
3.34888e-11
3.76943e-11
3.8661e-11
3.28295e-11
3.69585e-11
3.72032e-11
3.18962e-11
3.66347e-11
3.61364e-11
3.09909e-11
3.3849e-11
3.68624e-11
3.17758e-11
3.33565e-11
3.6582e-11
3.04627e-11
3.18764e-11
3.53234e-11
3.19664e-11
2.91644e-11
3.41653e-11
3.23192e-11
2.82038e-11
3.25437e-11
3.30807e-11
2.81975e-11
3.09731e-11
3.23481e-11
2.89966e-11
2.92017e-11
3.31531e-11
2.79804e-11
2.77655e-11
3.25049e-11
2.84679e-11
2.66326e-11
3.12313e-11
2.84579e-11
2.60551e-11
3.05576e-11
2.71594e-11
2.49866e-11
2.87624e-11
2.79007e-11
2.37513e-11
2.707e-11
2.72948e-11
2.28229e-11
2.57694e-11
2.68536e-11
2.25036e-11
2.34075e-11
2.60622e-11
2.32023e-11
2.17326e-11
2.4974e-11
2.34019e-11
2.02369e-11
2.28681e-11
2.41201e-11
2.08927e-11
2.12343e-11
2.41152e-11
1.97847e-11
2.08953e-11
2.33657e-11
1.93473e-11
2.14441e-11
2.20881e-11
1.82548e-11
2.11711e-11
2.07766e-11
1.7408e-11
1.95253e-11
2.087e-11
1.7237e-11
1.84702e-11
2.04362e-11
1.7146e-11
1.78641e-11
1.96249e-11
1.72589e-11
1.70627e-11
1.92193e-11
1.6996e-11
1.55532e-11
1.80206e-11
1.78691e-11
1.51805e-11
1.73143e-11
1.76111e-11
1.47801e-11
1.60789e-11
1.74908e-11
1.53156e-11
1.45685e-11
1.74158e-11
1.57739e-11
1.40522e-11
1.69679e-11
1.628e-11
1.38602e-11
1.61335e-11
1.67588e-11
1.42314e-11
1.44712e-11
1.66479e-11
1.46235e-11
1.38022e-11
1.64864e-11
1.42744e-11
1.37746e-11
1.61273e-11
1.37423e-11
1.32154e-11
1.57723e-11
1.41837e-11
1.28307e-11
1.54992e-11
1.43972e-11
1.24754e-11
1.48398e-11
1.48326e-11
1.23184e-11
1.43623e-11
1.51258e-11
1.24454e-11
1.43006e-11
1.48484e-11
1.23961e-11
1.32534e-11
1.51896e-11
1.25575e-11
1.21956e-11
1.46745e-11
1.37176e-11
1.17906e-11
1.4422e-11
1.34122e-11
1.18724e-11
1.43863e-11
1.23055e-11
1.17193e-11
1.38205e-11
1.22409e-11
1.13307e-11
1.33495e-11
1.22048e-11
1.05037e-11
1.22188e-11
1.25681e-11
1.02929e-11
1.1438e-11
1.23563e-11
1.01551e-11
1.07642e-11
1.21457e-11
1.08041e-11
9.79672e-12
1.16875e-11
1.11411e-11
9.45142e-12
1.12164e-11
1.09909e-11
9.32461e-12
1.10058e-11
1.07994e-11
8.9867e-12
1.02454e-11
1.10352e-11
9.06543e-12
9.27977e-12
1.09652e-11
9.94052e-12
8.72469e-12
1.03624e-11
1.05188e-11
8.63232e-12
1.02931e-11
1.02103e-11
8.40768e-12
9.89447e-12
1.02575e-11
8.3178e-12
9.58339e-12
1.00874e-11
8.32464e-12
8.73539e-12
1.00425e-11
8.68856e-12
8.49256e-12
9.8477e-12
8.20906e-12
8.11475e-12
9.59602e-12
8.34581e-12
7.61238e-12
9.2682e-12
8.61797e-12
7.42758e-12
9.015e-12
8.30539e-12
7.33709e-12
8.95397e-12
7.97278e-12
7.01883e-12
8.47133e-12
8.50449e-12
7.13809e-12
7.52969e-12
8.56184e-12
7.42518e-12
7.0996e-12
8.38581e-12
7.65925e-12
6.64297e-12
7.85444e-12
7.89773e-12
6.5059e-12
7.24713e-12
7.98247e-12
6.79587e-12
6.82125e-12
7.98828e-12
6.85591e-12
6.7055e-12
7.89209e-12
6.48146e-12
6.4892e-12
7.5167e-12
6.61165e-12
6.03325e-12
7.30389e-12
6.64664e-12
5.7431e-12
6.98494e-12
6.70866e-12
5.64247e-12
6.81643e-12
6.525e-12
5.63101e-12
6.83646e-12
6.26844e-12
5.52984e-12
6.76183e-12
6.50756e-12
5.46433e-12
6.11716e-12
6.62043e-12
5.59704e-12
5.5277e-12
6.60062e-12
5.77977e-12
5.18517e-12
6.34987e-12
6.00206e-12
5.06617e-12
5.93602e-12
6.17537e-12
5.00006e-12
6.09951e-12
5.72593e-12
4.83735e-12
5.76583e-12
5.76229e-12
4.76729e-12
5.65909e-12
5.65351e-12
4.6489e-12
5.42573e-12
5.73754e-12
4.92057e-12
4.90948e-12
5.76644e-12
4.82691e-12
4.81645e-12
5.54959e-12
4.87895e-12
4.4554e-12
5.31487e-12
5.24312e-12
4.36472e-12
5.0387e-12
5.38555e-12
4.37789e-12
4.71083e-12
5.34738e-12
4.67097e-12
4.26456e-12
5.13455e-12
4.93774e-12
4.15056e-12
5.03098e-12
4.88554e-12
4.0623e-12
4.7652e-12
4.94558e-12
3.98848e-12
4.84225e-12
4.59021e-12
3.88895e-12
4.69582e-12
4.36279e-12
3.70738e-12
4.36127e-12
4.46173e-12
3.61333e-12
4.27305e-12
4.26825e-12
3.50342e-12
4.07714e-12
4.28389e-12
3.4701e-12
3.79973e-12
4.25804e-12
3.58372e-12
3.43713e-12
4.14635e-12
3.70085e-12
3.29939e-12
3.93781e-12
3.79436e-12
3.15886e-12
3.5186e-12
3.89583e-12
3.28063e-12
3.25246e-12
3.8693e-12
3.27124e-12
2.97778e-12
3.67668e-12
3.43077e-12
2.85146e-12
3.39927e-12
3.52653e-12
2.82512e-12
3.32385e-12
3.47969e-12
2.81172e-12
3.01807e-12
3.54612e-12
2.84357e-12
3.01249e-12
3.45979e-12
2.71464e-12
2.70669e-12
3.32417e-12
2.95823e-12
2.68046e-12
3.30307e-12
2.85354e-12
2.54714e-12
3.18641e-12
2.84563e-12
2.5106e-12
3.15224e-12
2.6776e-12
2.44379e-12
3.05308e-12
2.73306e-12
2.31993e-12
2.75508e-12
2.91967e-12
2.35154e-12
2.54979e-12
2.92619e-12
2.3414e-12
2.42961e-12
2.86062e-12
2.36325e-12
2.35079e-12
2.81576e-12
2.25334e-12
2.39217e-12
2.72406e-12
2.21123e-12
2.26514e-12
2.66221e-12
2.23864e-12
2.0363e-12
2.51855e-12
2.40056e-12
1.96194e-12
2.29918e-12
2.5117e-12
1.99861e-12
2.19584e-12
2.47135e-12
1.94173e-12
2.10581e-12
2.43942e-12
1.98572e-12
2.01392e-12
2.39957e-12
2.00888e-12
1.89896e-12
2.28656e-12
2.109e-12
1.76374e-12
2.04855e-12
2.24381e-12
1.78447e-12
1.92695e-12
2.20906e-12
1.78092e-12
1.71487e-12
2.12233e-12
1.91718e-12
1.63241e-12
1.98217e-12
1.97593e-12
1.58797e-12
1.89313e-12
1.96848e-12
1.58173e-12
1.74936e-12
1.96725e-12
1.5443e-12
1.77328e-12
1.89162e-12
1.52189e-12
1.66608e-12
1.86691e-12
1.56457e-12
1.53883e-12
1.82584e-12
1.55498e-12
1.51174e-12
1.78305e-12
1.47863e-12
1.42901e-12
1.74455e-12
1.53366e-12
1.38195e-12
1.6888e-12
1.59492e-12
1.33913e-12
1.54597e-12
1.70318e-12
1.43092e-12
1.41843e-12
1.69553e-12
1.53266e-12
1.32308e-12
1.58623e-12
1.61709e-12
1.31963e-12
1.49337e-12
1.61004e-12
1.26792e-12
1.51587e-12
1.5253e-12
1.22588e-12
1.45084e-12
1.49985e-12
1.2204e-12
1.30195e-12
1.52454e-12
1.26991e-12
1.23451e-12
1.48856e-12
1.29982e-12
1.19521e-12
1.4665e-12
1.25859e-12
1.16802e-12
1.42835e-12
1.23003e-12
1.06695e-12
1.30456e-12
1.32908e-12
1.05532e-12
1.31918e-12
1.25955e-12
1.03215e-12
1.24647e-12
1.32091e-12
1.08447e-12
1.11876e-12
1.30542e-12
1.11247e-12
1.06382e-12
1.28304e-12
1.11823e-12
1.03307e-12
1.28055e-12
1.04954e-12
9.75404e-13
1.22345e-12
1.11669e-12
9.7028e-13
1.21911e-12
1.06601e-12
9.59358e-13
1.13928e-12
1.13974e-12
9.09185e-13
1.11063e-12
1.10871e-12
8.77245e-13
1.05068e-12
1.1025e-12
8.64033e-13
9.68917e-13
1.08966e-12
8.52594e-13
9.268e-13
1.06353e-12
8.44827e-13
8.7555e-13
1.02341e-12
8.87108e-13
7.88422e-13
9.43198e-13
9.74083e-13
7.65069e-13
9.12855e-13
9.5676e-13
7.73923e-13
8.0996e-13
9.67244e-13
7.99726e-13
7.99913e-13
9.48292e-13
7.73037e-13
7.46144e-13
9.12438e-13
7.98994e-13
6.96407e-13
8.58692e-13
8.40299e-13
6.73852e-13
7.87167e-13
8.75723e-13
7.00518e-13
7.36198e-13
8.61343e-13
7.2512e-13
6.93999e-13
8.55181e-13
6.99457e-13
6.80356e-13
8.208e-13
7.35019e-13
6.30539e-13
8.04433e-13
7.15625e-13
5.97349e-13
7.56473e-13
7.35674e-13
5.85031e-13
6.88277e-13
7.60753e-13
6.16596e-13
6.01144e-13
7.42908e-13
6.95895e-13
5.61548e-13
6.91043e-13
7.12608e-13
5.59265e-13
6.46334e-13
7.1563e-13
5.43006e-13
6.36944e-13
6.86615e-13
5.29416e-13
6.07658e-13
6.8088e-13
5.19866e-13
6.13227e-13
6.47562e-13
5.24022e-13
5.44883e-13
6.49319e-13
5.38737e-13
5.19453e-13
6.36294e-13
5.2968e-13
5.05496e-13
6.22922e-13
5.27034e-13
4.91366e-13
6.13242e-13
5.18274e-13
4.57444e-13
5.73841e-13
5.60182e-13
4.44528e-13
5.56001e-13
5.70433e-13
4.64565e-13
4.90215e-13
5.75381e-13
4.63237e-13
4.39589e-13
5.52535e-13
5.0573e-13
4.21197e-13
5.29951e-13
5.17556e-13
4.15954e-13
5.35308e-13
4.85557e-13
4.04901e-13
5.20499e-13
4.91016e-13
4.04305e-13
4.71994e-13
5.08492e-13
3.94551e-13
4.53731e-13
4.95949e-13
3.88332e-13
4.22461e-13
4.93974e-13
3.8926e-13
4.27026e-13
4.7998e-13
3.72283e-13
4.13855e-13
4.62827e-13
3.87451e-13
3.753e-13
4.58514e-13
3.61638e-13
3.52003e-13
4.27059e-13
4.02324e-13
3.28441e-13
4.00476e-13
4.2068e-13
3.27095e-13
3.82995e-13
4.11603e-13
3.28689e-13
3.56909e-13
4.04777e-13
3.23919e-13
3.40901e-13
3.99168e-13
3.20084e-13
3.20019e-13
3.86649e-13
3.3764e-13
2.92489e-13
3.73967e-13
3.43294e-13
2.77178e-13
3.48799e-13
3.59147e-13
2.75738e-13
3.15561e-13
3.66555e-13
2.91057e-13
2.91568e-13
3.57364e-13
3.05534e-13
2.7091e-13
3.41042e-13
3.24739e-13
2.63339e-13
3.23814e-13
3.24966e-13
2.62769e-13
2.90596e-13
3.28605e-13
2.84721e-13
2.58569e-13
3.25427e-13
2.86627e-13
2.41937e-13
2.97804e-13
3.04628e-13
2.3435e-13
2.74496e-13
3.08315e-13
2.32166e-13
2.71109e-13
2.94433e-13
2.26608e-13
2.63135e-13
2.85781e-13
2.18252e-13
2.59183e-13
2.7494e-13
2.09351e-13
2.49898e-13
2.71307e-13
2.07219e-13
2.39895e-13
2.66536e-13
2.10904e-13
2.40764e-13
2.61421e-13
2.07138e-13
2.2793e-13
2.621e-13
2.08607e-13
2.25379e-13
2.57916e-13
1.97728e-13
2.04649e-13
2.50932e-13
2.16927e-13
1.9872e-13
2.48365e-13
2.05151e-13
2.01082e-13
2.38727e-13
2.09657e-13
1.82461e-13
2.32184e-13
2.18655e-13
1.77433e-13
2.09064e-13
2.28757e-13
1.83369e-13
1.94756e-13
2.23411e-13
1.929e-13
1.75519e-13
2.19318e-13
2.00721e-13
1.68086e-13
2.06865e-13
2.04276e-13
1.63496e-13
1.94775e-13
2.04871e-13
1.5882e-13
1.88132e-13
2.03195e-13
1.63261e-13
1.70862e-13
2.0303e-13
1.63965e-13
1.62378e-13
1.99911e-13
1.62387e-13
1.57514e-13
1.94457e-13
1.71581e-13
1.45634e-13
1.81642e-13
1.80376e-13
1.42477e-13
1.66524e-13
1.8186e-13
1.45575e-13
1.54063e-13
1.79988e-13
1.47086e-13
1.5011e-13
1.74634e-13
1.46764e-13
1.40395e-13
1.74768e-13
1.43056e-13
1.36297e-13
1.67553e-13
1.49502e-13
1.27792e-13
1.62901e-13
1.49734e-13
1.24663e-13
1.59887e-13
1.49478e-13
1.20639e-13
1.48625e-13
1.54692e-13
1.23565e-13
1.28501e-13
1.5614e-13
1.28198e-13
1.27322e-13
1.53709e-13
1.206e-13
1.1969e-13
1.46748e-13
1.32765e-13
1.09738e-13
1.32808e-13
1.40826e-13
1.12862e-13
1.17755e-13
1.44906e-13
1.18027e-13
1.10589e-13
1.40638e-13
1.23701e-13
1.05596e-13
1.33463e-13
1.31715e-13
1.04007e-13
1.23761e-13
1.34374e-13
1.02971e-13
1.20302e-13
1.32935e-13
9.99845e-14
1.13528e-13
1.32593e-13
1.03077e-13
1.08862e-13
1.3052e-13
1.02852e-13
1.04324e-13
1.26058e-13
1.0106e-13
9.38734e-14
1.24317e-13
1.05103e-13
9.26318e-14
1.19814e-13
1.09864e-13
8.99259e-14
1.18184e-13
1.09628e-13
8.85554e-14
1.03607e-13
1.17421e-13
9.1942e-14
1.01006e-13
1.16474e-13
8.73247e-14
1.04118e-13
1.11159e-13
8.69062e-14
9.22514e-14
1.1263e-13
9.61112e-14
8.67274e-14
1.10012e-13
9.58964e-14
8.13467e-14
1.05331e-13
9.69999e-14
7.95855e-14
9.85873e-14
1.01034e-13
7.81991e-14
9.84244e-14
9.73893e-14
7.60955e-14
8.6577e-14
1.00967e-13
8.23643e-14
8.51403e-14
1.00386e-13
7.83982e-14
8.55647e-14
9.70189e-14
7.84355e-14
7.58345e-14
9.46593e-14
8.3966e-14
7.07183e-14
8.46534e-14
9.17462e-14
7.18999e-14
7.79448e-14
9.10596e-14
7.36676e-14
7.14858e-14
8.91302e-14
7.71995e-14
6.9379e-14
8.68769e-14
7.42628e-14
6.91983e-14
8.54481e-14
6.93753e-14
6.5072e-14
8.15363e-14
7.33787e-14
6.32673e-14
8.09396e-14
7.05775e-14
6.12349e-14
7.77431e-14
7.22303e-14
5.92476e-14
7.21925e-14
7.48312e-14
6.22535e-14
6.42648e-14
7.5397e-14
6.16722e-14
5.83881e-14
7.23331e-14
6.58804e-14
5.52173e-14
6.98088e-14
6.69765e-14
5.46162e-14
6.27964e-14
7.04084e-14
5.4603e-14
6.35024e-14
6.57086e-14
5.27283e-14
5.96085e-14
6.57435e-14
5.11932e-14
5.69273e-14
6.38085e-14
5.23005e-14
5.23931e-14
6.0866e-14
5.54327e-14
4.95178e-14
6.0099e-14
5.25915e-14
4.82764e-14
5.8758e-14
4.88593e-14
4.51324e-14
5.62172e-14
4.89166e-14
4.23538e-14
5.19926e-14
5.08923e-14
4.14554e-14
4.81543e-14
5.06625e-14
3.97483e-14
4.56384e-14
4.90147e-14
3.8862e-14
4.31743e-14
4.72147e-14
4.08419e-14
3.69437e-14
4.50136e-14
4.15065e-14
3.47741e-14
4.28576e-14
4.09689e-14
3.37545e-14
3.89086e-14
4.22609e-14
3.41222e-14
3.67302e-14
4.08112e-14
3.47314e-14
3.32868e-14
4.03238e-14
3.38897e-14
3.21539e-14
3.87189e-14
3.38999e-14
3.01786e-14
3.68615e-14
3.32903e-14
2.88631e-14
3.60603e-14
3.14987e-14
2.8839e-14
3.46992e-14
3.08451e-14
2.67315e-14
3.2583e-14
3.2094e-14
2.60719e-14
3.11727e-14
3.1724e-14
2.56468e-14
2.84445e-14
3.11817e-14
2.7666e-14
2.50337e-14
2.9018e-14
2.91648e-14
2.36024e-14
2.73064e-14
2.85699e-14
2.33087e-14
2.49143e-14
2.87496e-14
2.35262e-14
2.41459e-14
2.75012e-14
2.36895e-14
2.29235e-14
2.71645e-14
2.26749e-14
2.17066e-14
2.64952e-14
2.29166e-14
2.04466e-14
2.48897e-14
2.43438e-14
1.97371e-14
2.34597e-14
2.42816e-14
1.99468e-14
2.15439e-14
2.42824e-14
2.13696e-14
1.97992e-14
2.41098e-14
2.0715e-14
1.96667e-14
2.34126e-14
2.12005e-14
1.85535e-14
2.29214e-14
2.10405e-14
1.8634e-14
2.15637e-14
2.2115e-14
1.80167e-14
2.08735e-14
2.2231e-14
1.80246e-14
2.07668e-14
2.1841e-14
1.78814e-14
2.05521e-14
2.15561e-14
1.76127e-14
1.99529e-14
2.14233e-14
1.73291e-14
1.92134e-14
2.11272e-14
1.72741e-14
1.87338e-14
2.09194e-14
1.69944e-14
1.71138e-14
2.07033e-14
1.84194e-14
1.61539e-14
2.01417e-14
1.93463e-14
1.65295e-14
2.04266e-14
1.90528e-14
1.60883e-14
1.9537e-14
1.93343e-14
1.57622e-14
1.81435e-14
1.9368e-14
1.67608e-14
1.58773e-14
1.90043e-14
1.7922e-14
1.49108e-14
1.779e-14
1.88016e-14
1.52479e-14
1.62971e-14
1.90009e-14
1.52865e-14
1.61622e-14
1.87081e-14
1.46015e-14
1.51487e-14
1.83444e-14
1.5935e-14
1.45026e-14
1.85903e-14
1.57473e-14
1.51029e-14
1.83521e-14
1.50898e-14
1.43812e-14
1.76239e-14
1.57758e-14
1.42109e-14
1.77227e-14
1.40949e-14
1.44969e-14
1.65747e-14
1.40329e-14
1.33729e-14
1.60579e-14
1.39965e-14
1.22611e-14
1.49459e-14
1.4805e-14
1.21583e-14
1.31279e-14
1.49598e-14
1.21571e-14
1.23039e-14
1.4527e-14
1.20263e-14
1.18336e-14
1.38591e-14
1.15377e-14
1.07163e-14
1.28798e-14
1.22588e-14
1.00754e-14
1.20201e-14
1.26311e-14
9.9828e-15
1.13354e-14
1.25614e-14
1.03839e-14
9.95471e-15
1.22203e-14
1.07407e-14
9.596e-15
1.18739e-14
1.03633e-14
8.98117e-15
1.1151e-14
1.07614e-14
8.69685e-15
1.04657e-14
1.08742e-14
8.6285e-15
1.01592e-14
1.05054e-14
8.16489e-15
9.46651e-15
1.04994e-14
8.35846e-15
8.35573e-15
1.03959e-14
9.11597e-15
7.77624e-15
9.518e-15
9.76604e-15
7.66139e-15
9.29135e-15
9.50791e-15
7.60061e-15
8.44913e-15
9.6628e-15
7.95753e-15
8.18878e-15
9.69665e-15
7.84223e-15
7.88905e-15
9.43578e-15
7.95365e-15
7.56975e-15
9.143e-15
8.06105e-15
7.26585e-15
9.10308e-15
7.67265e-15
7.26062e-15
8.73105e-15
7.71754e-15
6.74172e-15
8.45087e-15
7.91656e-15
6.53181e-15
7.68414e-15
8.3066e-15
6.64961e-15
7.34167e-15
8.11565e-15
6.49288e-15
6.62413e-15
8.00822e-15
7.20387e-15
6.11016e-15
7.52051e-15
7.5068e-15
5.89605e-15
6.837e-15
7.7846e-15
6.16707e-15
6.56939e-15
7.59609e-15
6.07647e-15
6.54418e-15
7.41714e-15
5.93236e-15
6.39003e-15
7.27386e-15
5.77257e-15
6.56056e-15
7.11112e-15
5.63234e-15
6.37527e-15
6.8753e-15
5.55043e-15
5.99748e-15
6.84827e-15
5.81063e-15
5.4605e-15
6.79503e-15
6.13158e-15
5.39366e-15
6.61396e-15
6.14629e-15
5.10084e-15
6.18007e-15
6.38746e-15
5.19198e-15
5.3631e-15
6.46226e-15
5.30616e-15
5.27266e-15
6.23665e-15
5.13377e-15
4.8167e-15
5.93833e-15
5.41948e-15
4.58819e-15
5.50906e-15
5.58047e-15
4.52982e-15
4.94323e-15
5.47324e-15
4.59046e-15
4.52197e-15
5.40663e-15
4.41809e-15
4.30972e-15
5.21755e-15
4.53222e-15
4.13643e-15
5.04715e-15
4.64298e-15
4.00503e-15
4.97876e-15
4.43365e-15
3.76812e-15
4.56776e-15
4.58249e-15
3.69133e-15
4.04221e-15
4.64542e-15
3.75413e-15
3.8641e-15
4.48201e-15
3.6796e-15
3.69622e-15
4.26426e-15
4.03367e-15
3.47413e-15
4.29035e-15
3.74863e-15
3.43824e-15
4.1366e-15
3.60645e-15
3.23749e-15
3.97646e-15
3.62147e-15
3.08771e-15
3.79285e-15
3.65974e-15
3.00654e-15
3.49046e-15
3.68664e-15
2.92489e-15
3.35596e-15
3.57208e-15
2.89696e-15
3.02175e-15
3.50309e-15
3.07616e-15
2.7857e-15
3.34282e-15
3.20625e-15
2.61303e-15
3.02861e-15
3.23817e-15
2.61091e-15
2.91946e-15
3.19097e-15
2.49681e-15
2.9169e-15
3.04868e-15
2.44188e-15
2.57682e-15
3.07884e-15
2.63824e-15
2.37559e-15
2.97691e-15
2.61633e-15
2.30036e-15
2.80598e-15
2.62888e-15
2.18462e-15
2.69265e-15
2.56766e-15
2.09674e-15
2.46832e-15
2.58714e-15
2.07126e-15
2.22864e-15
2.5794e-15
2.09825e-15
1.99401e-15
2.49685e-15
2.24767e-15
1.92556e-15
2.37437e-15
2.25916e-15
1.85829e-15
2.31617e-15
2.12568e-15
1.8027e-15
2.26519e-15
1.97112e-15
1.75557e-15
2.13443e-15
1.96085e-15
1.6222e-15
1.98278e-15
1.95832e-15
1.61052e-15
1.6875e-15
1.97517e-15
1.69085e-15
1.55144e-15
1.88712e-15
1.7454e-15
1.44629e-15
1.70814e-15
1.7549e-15
1.39135e-15
1.62804e-15
1.6871e-15
1.32591e-15
1.54426e-15
1.62028e-15
1.31134e-15
1.39417e-15
1.59566e-15
1.35022e-15
1.22845e-15
1.51281e-15
1.3837e-15
1.17933e-15
1.46223e-15
1.30485e-15
1.1544e-15
1.41722e-15
1.27675e-15
1.08397e-15
1.33917e-15
1.29324e-15
1.06292e-15
1.33791e-15
1.18928e-15
1.0247e-15
1.26266e-15
1.21516e-15
9.9688e-16
1.09484e-15
1.23505e-15
1.01697e-15
9.76211e-16
1.17374e-15
1.05526e-15
8.83195e-16
1.07011e-15
1.09111e-15
8.61992e-16
9.94453e-16
1.08677e-15
8.4634e-16
9.51422e-16
1.0643e-15
8.56665e-16
9.36125e-16
1.04188e-15
8.1867e-16
8.62566e-16
1.02266e-15
8.78393e-16
7.91891e-16
9.59016e-16
9.4466e-16
7.67375e-16
9.5139e-16
8.89271e-16
7.36891e-16
9.10192e-16
8.72269e-16
7.11998e-16
8.9091e-16
8.39184e-16
6.88286e-16
8.59531e-16
8.30638e-16
6.81617e-16
7.5285e-16
8.72446e-16
6.95196e-16
7.0167e-16
8.5411e-16
7.17061e-16
6.63183e-16
8.16736e-16
7.66176e-16
6.35055e-16
7.98091e-16
7.69201e-16
6.31449e-16
7.94336e-16
7.47046e-16
6.06533e-16
7.5078e-16
7.75748e-16
6.11797e-16
7.4385e-16
7.63866e-16
6.09491e-16
7.67101e-16
7.14969e-16
5.87659e-16
7.04956e-16
7.47401e-16
6.00552e-16
6.41473e-16
7.5366e-16
6.45447e-16
6.08651e-16
7.41178e-16
6.60417e-16
5.73205e-16
6.85015e-16
7.01393e-16
5.62124e-16
6.28304e-16
7.11244e-16
6.18612e-16
5.71958e-16
7.03178e-16
6.50386e-16
5.71839e-16
7.17727e-16
6.30497e-16
5.55007e-16
6.9953e-16
6.68909e-16
5.64496e-16
6.96329e-16
6.77474e-16
5.58896e-16
6.7286e-16
6.96334e-16
5.57683e-16
6.31382e-16
6.98961e-16
5.73676e-16
6.059e-16
6.85566e-16
5.76402e-16
5.70742e-16
6.73046e-16
6.00805e-16
5.31702e-16
6.63394e-16
5.98003e-16
5.23337e-16
6.38559e-16
6.0234e-16
5.01932e-16
5.98418e-16
6.13907e-16
5.04454e-16
5.23012e-16
6.11664e-16
5.53851e-16
4.86639e-16
5.84709e-16
5.76992e-16
4.69395e-16
5.544e-16
5.72214e-16
4.58351e-16
5.26271e-16
5.64507e-16
4.54685e-16
5.17088e-16
5.43547e-16
4.60705e-16
4.60604e-16
5.47046e-16
4.55796e-16
4.41114e-16
5.26101e-16
4.68142e-16
4.35033e-16
5.00607e-16
4.80003e-16
4.0703e-16
4.85611e-16
4.76495e-16
3.90528e-16
4.62344e-16
4.67072e-16
3.84492e-16
4.62726e-16
4.50154e-16
3.7722e-16
4.52267e-16
4.38186e-16
3.71113e-16
4.01217e-16
4.46064e-16
3.92048e-16
3.75636e-16
4.45363e-16
3.88139e-16
3.65052e-16
4.3613e-16
3.73804e-16
3.58661e-16
4.21064e-16
3.58814e-16
3.47977e-16
4.06064e-16
3.51853e-16
3.27703e-16
3.87499e-16
3.68299e-16
3.15555e-16
3.75412e-16
3.78877e-16
3.14486e-16
3.73828e-16
3.74539e-16
3.14677e-16
3.44738e-16
3.78553e-16
3.35623e-16
3.145e-16
3.72525e-16
3.452e-16
2.96411e-16
3.53344e-16
3.59739e-16
2.92935e-16
3.24705e-16
3.65505e-16
2.96027e-16
3.1047e-16
3.52659e-16
3.24306e-16
2.8562e-16
3.46682e-16
3.20783e-16
2.74355e-16
3.32518e-16
3.24143e-16
2.66585e-16
3.20192e-16
3.14995e-16
2.62116e-16
2.90946e-16
3.20309e-16
2.7423e-16
2.68298e-16
3.21128e-16
2.75178e-16
2.58811e-16
3.05214e-16
2.84957e-16
2.45015e-16
2.97734e-16
2.84224e-16
2.41759e-16
2.98288e-16
2.67994e-16
2.39006e-16
2.90924e-16
2.57253e-16
2.3573e-16
2.81191e-16
2.63434e-16
2.23697e-16
2.72127e-16
2.63344e-16
2.22162e-16
2.38481e-16
2.73358e-16
2.26178e-16
2.29081e-16
2.69298e-16
2.1905e-16
