1
1.03163
1.31861
1.53582
7.66167
5.22834
16.5425
9.71042
34.8997
7.69245
50.0294
5.4725
26.1986
5.15828
40.6297
6.90862
29.9334
7.08386
114.298
9.06793
103.426
9.87885
201.216
12.635
185.451
12.0112
244.262
14.4299
237.066
10.9144
306.41
10.2722
275.346
5.93139
226.153
5.91061
185.73
4.65039
213.647
3.76495
224.716
3.07806
295.333
2.14263
294.263
2.03729
222.665
1.8112
267.586
1.83127
312.618
1.30807
318.377
1.5078
367.681
1.36139
345.958
1.27947
455.033
1.63284
323.388
1.06276
256.75
1.48775
291.247
1.36626
332.756
1.43443
279.002
1.67769
207.619
1.46218
146.989
1.77076
161.604
1.75134
135.417
2.23253
136.268
1.82425
118.751
2.42183
60.4369
2.22747
75.2946
2.36613
51.2907
2.56794
71.8398
2.11495
34.5169
2.704
31.4153
2.74648
22.4659
2.4408
18.4145
2.1095
18.674
2.03134
15.5953
2.06162
11.2145
2.11296
6.92632
2.03127
7.74766
1.80106
7.30815
1.53043
4.25741
2.19341
4.19429
1.86285
2.24091
2.67513
2.42302
1.70703
2.0177
2.00769
2.17515
1.8238
1.70702
3.23381
1.47388
3.33178
1.23216
3.88258
1.27165
2.73153
1.1678
2.52252
1.08131
2.17985
1.01071
2.69622
0.742533
2.98417
0.80403
4.77518
0.712314
6.72459
0.77981
6.79193
0.677068
6.51224
0.65377
9.35713
0.648523
11.6005
0.661828
25.0121
0.704495
20.1419
0.613718
21.7388
0.726829
23.9121
0.660898
26.5263
0.646702
55.1981
0.65466
66.8915
0.718838
57.652
0.653619
43.7241
0.652199
54.8621
0.616526
71.0056
0.538708
137.706
0.614254
129.633
0.598265
93.5538
0.540786
130.825
0.724619
178.974
0.668808
171.949
0.571422
169.989
0.586213
184.995
0.755813
175.087
0.587738
145.305
0.57849
125.865
0.748303
125.286
0.654333
112.365
0.558659
112.806
0.635538
95.9342
0.684544
75.9046
0.52488
58.5352
0.556231
47.9735
0.555407
37.601
0.524499
36.4566
0.55304
23.8692
0.588536
18.5479
0.461586
17.4236
0.55097
19.2342
0.515361
14.0433
0.475107
7.76983
0.509556
6.57531
0.499836
5.54195
0.462354
5.22673
0.497331
4.30471
0.507289
3.93985
0.509226
2.45404
0.531574
2.80722
0.477119
3.00083
0.42075
2.45528
0.47617
1.56349
0.474183
0.893482
0.532724
0.858466
0.476422
0.778062
0.455964
0.986264
0.43801
0.913586
0.531043
0.536898
0.587088
0.441514
0.658992
0.586842
0.633009
0.561088
0.754733
0.439192
0.723193
0.501466
0.630684
0.491823
0.684399
0.533606
0.6722
0.523322
0.668403
0.519414
0.651452
0.343111
0.728862
0.40052
0.888302
0.336316
1.17397
0.308289
1.48385
0.302066
1.14193
0.347408
1.01692
0.307872
1.20328
0.285186
1.47904
0.292918
1.37256
0.277351
1.53397
0.319065
1.43687
0.268231
2.22224
0.284086
3.29861
0.298793
5.36698
0.266428
6.48713
0.252718
7.61008
0.235295
6.39248
0.212177
9.42791
0.202331
14.6325
0.190127
17.8613
0.170729
25.4166
0.201792
27.0992
0.170412
24.544
0.169724
45.2381
0.160547
48.9393
0.162106
45.3059
0.165382
46.7525
0.149032
38.8223
0.14312
32.7013
0.14988
18.0882
0.148428
15.0552
0.139455
18.0571
0.146877
17.4669
0.14954
13.7044
0.137321
11.5407
0.121537
9.46448
0.13529
8.80643
0.175569
8.00752
0.183664
3.11647
0.177716
3.94034
0.194839
4.18817
0.231903
2.23728
0.189056
1.91759
0.206158
1.1198
0.263674
0.76063
0.215764
1.19785
0.177694
0.978356
0.180363
0.76966
0.17948
0.726531
0.175292
0.348692
0.190527
0.335969
0.210684
0.36444
0.234718
0.341635
0.241869
0.337516
0.347166
0.229712
0.324046
0.219876
0.211666
0.173168
0.223143
0.232299
0.275449
0.207613
0.260628
0.177119
0.382017
0.13857
0.828456
0.152284
0.609141
0.171933
0.305058
0.139173
0.710728
0.153415
0.946201
0.141098
0.855077
0.165582
0.713833
0.176781
1.31602
0.180657
0.703149
0.140423
0.770918
0.138555
1.01659
0.146738
1.16682
0.131711
1.35145
0.128541
1.39436
0.143067
1.02755
0.134975
1.57493
0.116722
1.4568
0.109073
2.96761
0.152807
1.76379
0.120835
1.82495
0.117637
2.00605
0.107953
4.63288
0.148211
5.61445
0.130659
3.7717
0.109944
3.91246
0.0971484
8.41637
0.125344
10.0484
0.119885
10.9291
0.100229
7.00516
0.119788
13.0702
0.114816
11.9331
0.0898452
19.6097
0.101223
22.3455
0.116171
24.018
0.0989699
14.7267
0.09366
28.5939
0.108356
24.9605
0.10942
26.7032
0.10236
32.4823
0.111865
33.0179
0.100947
26.5769
0.111931
26.6227
0.12907
22.9306
0.0954848
18.7376
0.091885
17.2534
0.101835
19.7593
0.103652
9.24312
0.0865564
7.29969
0.071535
6.34216
0.0788227
7.78326
0.0682981
4.23004
0.0788872
4.27001
0.0638087
1.73217
0.102202
2.45031
0.0648391
1.43827
0.0695336
1.58923
0.0733798
1.83195
0.0750045
1.49247
0.0670461
1.29238
0.0515514
0.518472
0.0544367
0.397867
0.05856
0.378309
0.0684106
0.416588
0.0576731
0.338445
0.0647087
0.21834
0.0543055
0.18383
0.0589184
0.264023
0.0487879
0.179186
0.0674387
0.225017
0.0626329
0.149003
0.087423
0.151569
0.084804
0.0762844
0.100842
0.104308
0.109676
0.120335
0.100476
0.14081
0.0707019
0.133576
0.0863249
0.101441
0.125599
0.133095
0.0970464
0.0953961
0.115631
0.16133
0.0796127
0.136594
0.0998511
0.172918
0.137895
0.0829335
0.269855
0.0742843
0.246027
0.0778592
0.377313
0.0995207
0.312919
0.086416
0.345627
0.098873
0.689258
0.0956078
0.805367
0.0916418
0.730992
0.0838154
0.962467
0.103531
0.716381
0.0798008
0.737507
0.0838077
1.2646
0.0908023
2.10909
0.0858803
0.863316
0.0799378
1.3922
0.0954927
1.06521
0.0847353
2.31313
0.0742543
6.53964
0.0970862
5.70369
0.0737714
6.79704
0.112838
4.67792
0.0834008
7.60067
0.0919292
10.6254
0.0863968
9.73011
0.0846951
12.2407
0.0803643
11.1619
0.0747492
17.2687
0.0751718
16.603
0.0647849
16.1483
0.0573979
20.9955
0.0744504
19.096
0.0648101
19.9049
0.0637943
13.0041
0.0603686
12.5549
0.0506699
5.10268
0.0757944
5.80903
0.0556043
5.19079
0.0781695
3.07334
0.0754791
1.77525
0.0698609
1.80135
0.0735732
1.79663
0.0683614
1.4643
0.079196
1.696
0.0718981
1.29991
0.067537
0.532657
0.0692316
0.540297
0.0841656
0.74729
0.0603107
0.382094
0.0579523
0.121625
0.0592052
0.11371
0.0559359
0.0690177
0.0613712
0.0680033
0.05873
0.0640174
0.115445
0.0514051
0.157554
0.0623055
0.214419
0.0583825
0.134566
0.0513892
0.139105
0.0467513
0.338171
0.0465947
0.412916
0.0509385
0.76166
0.0471048
1.04654
0.0626676
0.917905
0.0625943
0.731158
0.0541802
1.24203
0.0582626
1.9729
0.0623468
3.6344
0.0560176
3.06979
0.0495102
1.90766
0.0485503
4.15005
0.0506161
3.27805
0.039958
3.78887
0.0458278
3.75298
0.0408849
5.5374
0.0402335
6.82171
0.049812
9.73907
0.0379721
9.21933
0.0373415
8.21685
0.034909
6.98369
0.03469
8.67523
0.0276192
8.03615
0.0270996
7.73832
0.027998
6.17518
0.0307333
7.95411
0.0257658
5.68311
0.0244346
4.58237
0.0238888
3.83574
0.0223866
1.74202
0.0241846
2.34461
0.0301314
3.58228
0.0183724
1.32167
0.0196566
0.862447
0.016686
0.675475
0.0169004
0.861934
0.0180422
0.574997
0.0200318
0.886678
0.0178536
0.331003
0.0210751
0.326112
0.018458
0.390026
0.0160215
0.267986
0.0185123
0.389445
0.0181385
0.179957
0.0159522
0.123075
0.0162895
0.08688
0.0188291
0.0522956
0.0119574
0.0841502
0.0175573
0.0793496
0.0157068
0.041982
0.0156196
0.0274173
0.0180976
0.0220622
0.0172936
0.0318726
0.0213495
0.0331512
0.018562
0.0230798
0.0181311
0.0179266
0.016324
0.0214678
0.0226764
0.0232263
0.0154269
0.0179435
0.0144388
0.0188715
0.042811
0.0115272
0.0774556
0.0127227
0.0605971
0.010987
0.0479925
0.0124661
0.0530422
0.0128941
0.0406293
0.0116341
0.0444547
0.0125704
0.0629649
0.01148
0.0576125
0.0109639
0.146739
0.0107971
0.0497814
0.00933363
0.155642
0.0111027
0.141245
0.0143011
0.135445
0.0138805
0.0723541
0.00959885
0.132217
0.0103973
0.262472
0.0122566
0.303905
0.0114064
0.204608
0.0107046
0.126904
0.0113625
0.246261
0.013086
0.340107
0.00819999
0.558332
0.00945371
0.782608
0.014128
0.582606
0.00986783
0.470782
0.00873341
0.631731
0.013643
0.66583
0.0123372
0.950006
0.00868749
0.55917
0.0111671
0.816041
0.00867594
0.732706
0.00755147
1.3987
0.00870518
1.49312
0.00885227
1.43925
0.00679818
1.42808
0.00853888
2.00743
0.00776953
2.1411
0.00691132
2.11833
0.00889421
1.71756
0.00784303
1.81398
0.00642933
1.83952
0.00699877
1.75966
0.00740938
1.26917
0.00677277
0.981504
0.00691851
1.32672
0.00608609
1.32562
0.00524502
0.685424
0.00571962
0.370497
0.00444722
0.415123
0.00715722
0.782368
0.00651131
0.500678
0.00526512
0.280968
0.00477742
0.186815
0.00536275
0.216601
0.00472434
0.155262
0.00411024
0.177464
0.00455701
0.162122
0.00490695
0.121439
0.0037168
0.137216
0.00397314
0.139895
0.00497837
0.0997241
0.00450372
0.0288469
0.00391363
0.0657755
0.00494513
0.0551457
0.00455557
0.0285211
0.00462991
0.0227414
0.00565873
0.0154501
0.00687868
0.0179858
0.00573785
0.0118295
0.00534647
0.0180643
0.00574517
0.00826602
0.00782742
0.00664011
0.00891908
0.00870453
0.0080384
0.00534557
0.00880568
0.00868627
0.00733906
0.00729234
0.00712735
0.0080771
0.00933847
0.00863468
0.00820156
0.00571647
0.0139374
0.00703544
0.0179898
0.00648225
0.0144097
0.00442327
0.019421
0.00457295
0.0391549
0.00475681
0.0722557
0.00404843
0.0654431
0.00359232
0.148012
0.00517272
0.207502
0.00306364
0.200633
0.00317008
0.673326
0.00466849
0.701566
0.00345238
0.590679
0.00337
0.735872
0.0042292
1.14691
0.00491447
1.08051
0.00359501
1.14665
0.00554074
1.51819
0.00436058
1.05275
0.00346616
0.841379
0.00412966
0.576854
0.00432075
0.365106
0.0044864
0.558386
0.00411036
0.519772
0.00509049
0.785369
0.00557239
0.425592
0.00715023
0.240472
0.00493961
0.113493
0.00503701
0.154791
0.00421209
0.101117
0.00392374
0.0516555
0.00594484
0.0572903
0.00450209
0.0276691
0.00475651
0.0267173
0.00557287
0.0281332
0.00335717
0.0179088
0.00530144
0.0291998
0.00521155
0.0134216
0.00502534
0.00726966
0.00550067
0.0081706
0.00604897
0.011125
0.00492849
0.00776484
0.00653469
0.00581227
0.0101757
0.0076232
0.00913154
0.00650367
0.00724687
0.00433556
0.00736056
0.00614797
0.00868768
0.00517913
0.0174484
0.00442847
0.0140546
0.00396948
0.02576
0.00584164
0.0251456
0.00696905
0.011595
0.00491437
0.022262
0.00528139
0.0394668
0.00566408
0.046919
0.00549582
0.0533062
0.00551349
0.0318572
0.00515269
0.01546
0.00608404
0.0218008
0.00541254
0.0215215
0.00399766
0.0586066
0.00531282
0.105229
0.00547294
0.0863206
0.00509905
0.0781016
0.0036998
0.0695235
0.0049735
0.0802594
0.00377508
0.143193
0.00469862
0.210438
0.00533523
0.128534
0.00381342
0.229836
0.00501006
0.235796
0.00592719
0.258395
0.00277234
0.780562
0.00704575
0.537751
0.00397151
0.498069
0.00428774
0.800978
0.00452327
1.13821
0.00559932
0.757108
0.00392224
0.881903
0.00453428
1.80862
0.00667653
1.00004
0.00345031
1.23428
0.00535934
1.68922
0.00440682
1.14049
0.0057408
0.966682
0.00432691
0.626412
0.00457597
1.02878
0.00684445
1.42704
0.00493429
1.24035
0.00471945
0.551495
0.00546891
0.533053
0.00455295
0.330822
0.00409926
0.293133
0.00348103
0.328823
0.00468322
0.345584
0.00365392
0.167377
0.00470804
0.181494
0.00299084
0.124399
0.00363644
0.103029
0.00419576
0.155382
0.00310777
0.0600223
0.00409539
0.0388136
0.00469963
0.0652361
0.00419534
0.0698749
0.00352263
0.0440824
0.00372709
0.0380988
0.00481055
0.022787
0.00481917
0.01949
0.00390013
0.0116779
0.00514445
0.0108115
0.00353389
0.00811355
0.00714756
0.00839419
0.00534053
0.00421009
0.00602295
0.00773169
0.00645507
0.00385094
0.00859815
0.00373104
0.00780777
0.00254464
0.0131632
0.00324774
0.0149755
0.00329422
0.0209717
0.00240094
0.0222789
0.00303449
0.020333
0.00271273
0.0433638
0.00358153
0.0443999
0.00267842
0.045338
0.00272237
0.0871079
0.00274199
0.0605833
0.00323565
0.0709884
0.00293234
0.0685452
0.00273385
0.274869
0.00504587
0.139549
0.00201425
0.533704
0.00406043
0.33972
0.0027014
0.247714
0.00256839
0.248431
0.00215698
0.477032
0.00258124
0.499827
0.00264246
0.42756
0.00206711
0.308211
0.00199844
0.284965
0.00187136
0.630325
0.00164029
0.476658
0.00204345
0.546978
0.00204368
0.570142
0.00259954
0.880661
0.0019891
0.380693
0.00307232
0.452637
0.00258886
0.240447
0.0035497
0.298806
0.00315901
0.336241
0.00364329
0.327007
0.00412446
0.245266
0.00478485
0.226194
0.00343824
0.114732
0.00479282
0.147942
0.00367599
0.10856
0.0043885
0.0726846
0.0024091
0.0301886
0.00331595
0.0428682
0.0023843
0.0321109
0.00350144
0.0301629
0.00226281
0.00922486
0.00321304
0.0103396
0.00247828
0.00818549
0.00335252
0.0111275
0.00273267
0.0088358
0.0026019
0.00912661
0.00292913
0.00575632
0.00425596
0.0033833
0.0030719
0.00342153
0.00727133
0.00412715
0.00617229
0.00404784
0.0127444
0.00391624
0.0202397
0.00338435
0.050412
0.00485699
0.0817724
0.00381438
0.0672651
0.00310564
0.091233
0.00407608
0.0845312
0.00374646
0.150958
0.00344075
0.108802
0.00324205
0.121486
0.00297579
0.11132
0.00420111
0.208005
0.00256408
0.259025
0.00321624
0.419027
0.00291519
0.413857
0.00203971
0.311696
0.0023763
0.344073
0.00210849
0.500543
0.00243099
0.599514
0.00214513
0.753496
0.00233714
0.534759
0.00216972
0.711722
0.00277163
0.835797
0.00305385
0.714957
0.00252473
0.787703
0.00241995
0.598395
0.00347338
0.579316
0.00259726
0.353848
0.00215348
0.234806
0.00300364
0.274549
0.00312603
0.552858
0.00296179
0.303451
0.00296309
0.205935
0.00447267
0.319232
0.00317358
0.280273
0.00311741
0.297727
0.00317222
0.211414
0.00399708
0.156882
0.00330535
0.0821479
0.00406046
0.110111
0.0036258
0.206576
0.00343289
0.172955
0.0037468
0.210563
0.00274086
0.0817632
0.00334649
0.072097
0.00293636
0.0406149
0.00372654
0.0799479
0.00263594
0.0851429
0.00292602
0.0690002
0.00327107
0.0426783
0.00267831
0.0226799
0.00296992
0.0174011
0.00287122
0.0225847
0.00306626
0.0230628
0.00284273
0.0197674
0.00326865
0.0188186
0.00352805
0.01321
0.00409975
0.0109848
0.00297955
0.00701974
0.00383461
0.00557216
0.00409952
0.00652171
0.00268247
0.0049894
0.00399625
0.00306965
0.0044611
0.00352523
0.00274583
0.00322844
0.00306194
0.00246248
0.00358845
0.00296258
0.00394228
0.0033004
0.00456052
0.00238082
0.00439868
0.00227293
0.00416328
0.00241762
0.00448046
0.00240508
0.00576737
0.00186166
0.0134703
0.0027377
0.0116195
0.00179929
0.00649259
0.00191825
0.0108962
0.00207236
0.00532346
0.00157395
0.0125794
0.00160444
0.0169106
0.0016591
0.0147773
0.00163101
0.0108711
0.00152375
0.0161751
0.00155399
0.0307234
0.00173665
0.0465322
0.00197712
0.0993562
0.00188491
0.0857676
0.00193595
0.0432439
0.0024104
0.0489925
0.0019076
0.0641861
0.00203765
0.0963653
0.00191079
0.165356
0.00197337
0.142238
0.00194242
0.08832
0.00191272
0.135583
0.00192636
0.146555
0.00136898
0.183989
0.00149258
0.1726
0.00142636
0.163655
0.00124395
0.190968
0.00151877
0.255316
0.00119805
0.334971
0.00123846
0.441316
0.00157301
0.262513
0.00132568
0.282915
0.00114218
0.357435
0.00142457
0.367584
0.0012234
0.32161
0.000927604
0.255242
0.00113874
0.334458
0.00123527
0.26936
0.000945168
0.247496
0.000773415
0.132598
0.000950781
0.163944
0.00109694
0.186008
0.00080983
0.088829
0.000779476
0.130675
0.000789178
0.0963526
0.000667274
0.0418508
0.000652943
0.0456465
0.000628197
0.0466504
0.000751114
0.0383244
0.000727185
0.0296375
0.000611678
0.0255286
0.000540635
0.0146908
0.000664682
0.0145641
0.000490605
0.0114739
0.000515328
0.00897187
0.000559451
0.00644002
0.000571026
0.00878913
0.000557316
0.0100122
0.00066097
0.00694169
0.000473081
0.00427944
0.000598115
0.00302655
0.000441081
0.00168766
0.000535389
0.00182605
0.00047398
0.00192914
0.000361257
0.00170115
0.00050204
0.00121829
0.000556882
0.000877482
0.000549184
0.000763141
0.000620712
0.000714649
0.000789486
0.00100058
0.000438203
0.000602474
0.000760221
0.000476419
0.00116674
0.000429119
0.00124915
0.000369551
0.000993851
0.000344361
0.000928293
0.000317389
0.00158357
0.000341713
0.00244167
0.000352826
0.00286653
0.000349639
0.0023787
0.000294839
0.00291171
0.000382007
0.00343355
0.000364152
0.00518027
0.000363163
0.00557212
0.00034977
0.00918109
0.000389133
0.00763613
0.000315541
0.0086841
0.000265258
0.017318
0.000270337
0.0245716
0.000265537
0.0255526
0.000302293
0.0320346
0.000266581
0.0218662
0.000212775
0.0315052
0.000227276
0.0450879
0.000172606
0.0497016
0.00012309
0.0390506
0.000157746
0.0419159
0.000159993
0.0327016
0.00011686
0.0351965
0.000131008
0.0293726
0.000101232
0.0151751
0.000103506
0.0100072
0.000110816
0.0120289
7.63452e-05
0.00985914
6.9777e-05
0.00706909
0.000105174
0.00783964
7.80534e-05
0.00328666
7.69388e-05
0.00259834
9.10224e-05
0.00267404
8.68313e-05
0.00300525
8.37929e-05
0.00324396
6.84953e-05
0.00298835
8.31352e-05
0.00210955
8.32368e-05
0.00170058
7.99225e-05
0.00069473
6.43532e-05
0.000788093
9.77591e-05
0.000830861
0.000101874
0.00100309
8.20269e-05
0.00087756
0.0001162
0.00079071
8.9872e-05
0.000328176
0.000111903
0.000266427
0.00011283
0.000307281
8.87734e-05
0.000303194
0.000114754
0.000221795
8.6328e-05
0.000148103
7.24453e-05
0.000144078
8.78283e-05
7.68706e-05
0.000122372
6.81191e-05
0.000146414
7.39759e-05
0.000163109
7.22236e-05
0.000200103
5.55072e-05
0.000156047
5.77649e-05
0.000103862
6.26664e-05
0.000122044
7.09249e-05
0.000168176
6.67627e-05
0.000232367
7.16674e-05
0.000307915
7.12122e-05
0.000399446
6.9179e-05
0.00034392
6.57981e-05
0.000460187
6.43701e-05
0.000506988
7.90585e-05
0.000551423
6.12226e-05
0.000638597
5.92957e-05
0.00127881
6.84342e-05
0.001963
8.39881e-05
0.00159037
5.51016e-05
0.0042521
8.26033e-05
0.00463729
7.47487e-05
0.00615985
5.12298e-05
0.00800482
6.12193e-05
0.00577689
5.44766e-05
0.0076891
4.9289e-05
0.0127973
5.67648e-05
0.0172285
6.0244e-05
0.00976732
4.47928e-05
0.00711525
4.82565e-05
0.00923824
4.60408e-05
0.0118257
5.16417e-05
0.0171476
4.51234e-05
0.0157196
6.93799e-05
0.0136912
5.126e-05
0.0129883
4.98269e-05
0.0145558
4.29553e-05
0.0166898
4.81738e-05
0.010173
4.55721e-05
0.00994375
4.58775e-05
0.0100713
5.38229e-05
0.00551243
3.83569e-05
0.00391043
3.21339e-05
0.00456945
3.53772e-05
0.00347854
3.64317e-05
0.00363156
2.43993e-05
0.00154672
3.3435e-05
0.00192606
3.05691e-05
0.00137728
2.33634e-05
0.00143995
2.04115e-05
0.00103361
2.69714e-05
0.000874677
2.31383e-05
0.000577092
1.85889e-05
0.000416267
2.66065e-05
0.000742001
2.40027e-05
0.000936292
2.6629e-05
0.000456223
2.95603e-05
0.000632479
2.47249e-05
0.000723284
2.85168e-05
0.000559864
2.8944e-05
0.000470849
4.0225e-05
0.000469369
2.76339e-05
0.000204416
3.89963e-05
0.000357638
3.01596e-05
0.000318095
2.54279e-05
0.000158114
2.25832e-05
0.000111408
1.9551e-05
6.24432e-05
3.05925e-05
8.77892e-05
1.65753e-05
5.0121e-05
2.03907e-05
5.32438e-05
3.02743e-05
4.05236e-05
3.01456e-05
2.7333e-05
2.31212e-05
1.93497e-05
2.62243e-05
2.75249e-05
2.51698e-05
2.16382e-05
2.52253e-05
1.4607e-05
4.20857e-05
1.78557e-05
9.61691e-05
1.69978e-05
8.11039e-05
1.4288e-05
4.5968e-05
1.92873e-05
5.1574e-05
1.85959e-05
8.47808e-05
1.20079e-05
0.000270124
1.9377e-05
0.000153829
1.07979e-05
0.00015389
1.28549e-05
0.000207834
1.34127e-05
0.000261346
1.29124e-05
0.000299145
1.09803e-05
0.000715551
1.13948e-05
0.00149253
1.52217e-05
0.000651161
1.2081e-05
0.000930915
1.78683e-05
0.00197658
1.73976e-05
0.00196371
1.64062e-05
0.00402947
1.57851e-05
0.00238675
1.81574e-05
0.00333621
1.84326e-05
0.00365595
1.96695e-05
0.00501093
1.86558e-05
0.00519121
1.99622e-05
0.00450449
1.70075e-05
0.00551243
1.61219e-05
0.00381213
1.66399e-05
0.00351134
1.2477e-05
0.00269043
1.00718e-05
0.00345769
1.18125e-05
0.00278685
8.41246e-06
0.00217606
6.3318e-06
0.00142592
8.88106e-06
0.00113208
7.73227e-06
0.000979701
8.06989e-06
0.000630716
8.08288e-06
0.000645367
7.22646e-06
0.000426913
6.00114e-06
0.00048424
5.18267e-06
0.000236445
5.35073e-06
0.000133102
4.2334e-06
8.97093e-05
6.43702e-06
0.000127972
5.42966e-06
7.96247e-05
5.79153e-06
0.000128788
5.37281e-06
0.000108825
5.86696e-06
0.00011582
5.29814e-06
5.65642e-05
4.61541e-06
4.95105e-05
4.47745e-06
4.15259e-05
4.616e-06
3.00233e-05
4.32332e-06
2.45886e-05
3.00504e-06
8.35284e-06
5.51252e-06
7.366e-06
3.94399e-06
5.16299e-06
3.8535e-06
5.51603e-06
4.08399e-06
6.21264e-06
6.26268e-06
6.24163e-06
5.29584e-06
4.347e-06
5.75683e-06
3.7924e-06
1.13668e-05
5.11377e-06
6.30548e-06
2.8746e-06
6.97892e-06
4.28977e-06
5.26056e-06
3.70728e-06
5.67735e-06
2.7972e-06
8.40556e-06
2.50029e-06
1.29327e-05
2.26612e-06
1.73494e-05
2.43357e-06
1.10029e-05
2.23541e-06
1.20771e-05
1.85727e-06
2.49674e-05
2.1849e-06
1.81055e-05
1.8503e-06
2.15309e-05
1.7219e-06
2.42915e-05
1.79463e-06
3.30227e-05
1.29966e-06
8.32306e-05
1.86251e-06
0.000183812
1.98535e-06
0.000252177
2.40152e-06
8.69758e-05
2.12809e-06
0.000121574
2.84636e-06
0.000132947
2.20558e-06
0.000108517
1.95767e-06
0.000272703
2.37978e-06
0.000273754
1.61558e-06
0.000277302
1.71688e-06
0.000241891
1.55918e-06
0.000358326
1.46805e-06
0.000360022
1.23898e-06
0.000271089
1.14751e-06
0.000293436
1.15935e-06
0.000330527
8.19989e-07
0.000267817
7.66885e-07
0.000117756
9.06164e-07
0.000153473
1.11374e-06
0.000194595
8.0709e-07
0.000122731
7.83489e-07
0.000106659
8.33729e-07
7.08031e-05
9.02702e-07
3.85192e-05
6.13981e-07
3.0019e-05
7.93069e-07
4.84819e-05
7.31785e-07
4.88413e-05
5.43672e-07
2.80553e-05
7.55169e-07
1.31346e-05
6.90632e-07
9.76244e-06
5.90932e-07
9.69228e-06
6.59397e-07
7.68499e-06
5.16195e-07
6.39967e-06
4.17491e-07
4.19796e-06
4.21802e-07
2.01531e-06
5.79717e-07
2.44521e-06
3.37409e-07
1.18946e-06
3.74984e-07
2.55367e-06
3.61837e-07
1.1558e-06
3.19736e-07
6.78821e-07
3.25567e-07
4.56192e-07
4.56343e-07
4.47954e-07
6.18925e-07
5.7475e-07
6.16454e-07
7.04328e-07
6.94652e-07
4.8668e-07
9.3137e-07
5.02444e-07
1.24098e-06
5.53473e-07
1.30176e-06
3.34143e-07
7.84134e-07
3.47219e-07
2.00503e-06
5.33783e-07
2.15827e-06
2.84372e-07
1.59102e-06
3.67413e-07
2.31205e-06
4.14684e-07
2.88116e-06
3.01955e-07
2.11592e-06
2.82237e-07
4.55474e-06
3.34142e-07
4.38012e-06
3.14471e-07
3.76563e-06
2.271e-07
2.99787e-06
2.40092e-07
5.66873e-06
1.88534e-07
5.30369e-06
2.38566e-07
1.2983e-05
2.17853e-07
9.92891e-06
2.20165e-07
8.59066e-06
2.53927e-07
1.00804e-05
2.71024e-07
1.57771e-05
2.55869e-07
2.08569e-05
2.30099e-07
1.90518e-05
2.47848e-07
2.20453e-05
2.59371e-07
1.96418e-05
2.0373e-07
3.01651e-05
1.96562e-07
4.02435e-05
1.99714e-07
7.17046e-05
2.81156e-07
5.75179e-05
2.73709e-07
4.13658e-05
2.15067e-07
6.15708e-05
2.92725e-07
6.62751e-05
2.50121e-07
6.95413e-05
2.11603e-07
5.37958e-05
2.06232e-07
5.23347e-05
2.03135e-07
4.89376e-05
2.11057e-07
5.65479e-05
1.66435e-07
3.81725e-05
1.57754e-07
2.87337e-05
1.16304e-07
1.96281e-05
1.61875e-07
2.37072e-05
1.04836e-07
6.81198e-06
1.15987e-07
1.46305e-05
1.55953e-07
1.32035e-05
1.25159e-07
5.56278e-06
1.20154e-07
6.52068e-06
1.27445e-07
7.78441e-06
1.53559e-07
1.16109e-05
1.611e-07
6.77863e-06
1.22168e-07
4.42162e-06
1.62569e-07
4.36218e-06
1.65063e-07
3.93026e-06
1.84895e-07
4.91358e-06
1.60439e-07
3.88271e-06
1.8871e-07
3.88792e-06
1.94493e-07
2.27903e-06
1.32088e-07
1.26467e-06
1.30871e-07
1.01827e-06
1.04744e-07
8.76016e-07
8.37902e-08
7.05045e-07
1.02154e-07
3.41436e-07
9.56679e-08
3.82278e-07
8.51304e-08
5.41608e-07
8.35774e-08
2.94582e-07
1.04438e-07
3.62682e-07
1.09481e-07
1.76803e-07
1.46785e-07
1.7257e-07
1.8116e-07
2.12988e-07
1.70715e-07
1.78955e-07
1.56354e-07
1.76888e-07
1.41216e-07
1.20936e-07
3.82901e-07
1.08909e-07
4.83587e-07
7.95121e-08
3.62617e-07
8.45023e-08
3.10438e-07
8.25182e-08
1.84118e-07
8.33746e-08
2.33837e-07
7.88936e-08
3.18147e-07
8.71155e-08
5.94054e-07
1.13819e-07
6.56442e-07
1.2265e-07
1.08512e-06
1.11872e-07
3.37757e-07
9.63122e-08
4.41445e-07
9.70354e-08
1.32918e-06
1.03283e-07
9.47213e-07
7.26611e-08
1.12679e-06
8.98956e-08
1.12524e-06
9.64393e-08
1.13516e-06
6.2315e-08
3.13836e-06
8.60212e-08
3.58822e-06
6.86917e-08
7.37939e-06
7.0919e-08
5.93021e-06
6.99635e-08
5.309e-06
6.3605e-08
3.12122e-06
5.77877e-08
5.69419e-06
4.24036e-08
1.1022e-05
5.69237e-08
6.23646e-06
4.9828e-08
8.6376e-06
6.01032e-08
9.49925e-06
4.19779e-08
1.56586e-05
3.53596e-08
7.24176e-06
3.16864e-08
9.70353e-06
3.9323e-08
9.40972e-06
3.87221e-08
1.21895e-05
3.99071e-08
5.04756e-06
4.00865e-08
3.993e-06
3.82391e-08
3.78798e-06
4.77754e-08
3.89029e-06
4.0641e-08
3.78334e-06
3.47212e-08
2.61015e-06
4.24046e-08
2.27474e-06
3.78867e-08
1.65271e-06
3.10867e-08
1.54685e-06
2.65498e-08
9.30096e-07
3.48086e-08
1.07614e-06
3.4711e-08
6.34139e-07
2.71335e-08
3.53358e-07
3.09404e-08
2.99212e-07
3.28616e-08
5.48019e-07
3.88006e-08
5.5236e-07
2.35241e-08
2.45488e-07
3.21292e-08
1.56655e-07
2.44294e-08
1.46128e-07
2.62591e-08
6.09552e-08
2.45321e-08
8.42538e-08
3.16695e-08
1.4757e-07
1.66496e-08
4.75486e-08
1.66932e-08
2.8807e-08
2.15964e-08
2.39571e-08
2.09499e-08
2.58339e-08
1.8289e-08
1.2947e-08
4.32152e-08
2.0434e-08
5.19207e-08
1.84231e-08
7.35362e-08
1.58904e-08
1.27884e-07
1.83833e-08
6.36378e-08
1.48775e-08
7.00333e-08
1.65825e-08
8.67803e-08
1.29631e-08
1.45175e-07
9.16302e-09
1.07705e-07
1.11102e-08
1.3453e-07
9.58278e-09
1.1646e-07
8.80898e-09
1.01681e-07
8.24415e-09
2.67967e-07
7.51072e-09
3.37496e-07
8.98395e-09
6.12935e-07
8.53936e-09
2.91115e-07
7.25419e-09
4.36147e-07
1.05511e-08
5.90885e-07
9.06926e-09
9.9547e-07
6.31018e-09
1.54109e-06
8.98658e-09
1.86545e-06
7.12478e-09
1.71261e-06
5.60047e-09
1.43603e-06
6.13323e-09
1.70522e-06
6.81176e-09
1.77531e-06
6.6518e-09
2.32746e-06
7.16058e-09
1.81798e-06
6.96827e-09
1.86088e-06
7.56603e-09
1.97002e-06
7.85911e-09
1.02789e-06
1.02888e-08
1.45225e-06
5.82423e-09
9.81801e-07
8.72554e-09
1.20074e-06
6.38098e-09
3.64592e-07
6.56157e-09
2.20024e-07
7.97985e-09
2.42275e-07
6.84569e-09
1.86184e-07
6.99154e-09
1.28941e-07
5.3527e-09
1.92229e-07
5.0085e-09
1.52054e-07
7.4783e-09
1.2381e-07
5.0582e-09
4.34294e-08
6.37242e-09
6.26757e-08
5.75704e-09
4.30156e-08
6.4141e-09
5.97348e-08
5.29001e-09
4.69267e-08
4.81496e-09
3.56538e-08
5.06459e-09
1.58081e-08
5.40411e-09
1.61529e-08
5.80018e-09
1.8497e-08
4.68373e-09
1.25223e-08
3.83801e-09
1.33114e-08
4.00476e-09
1.04651e-08
3.25693e-09
5.85203e-09
2.73378e-09
6.24991e-09
1.98946e-09
6.16728e-09
3.09945e-09
3.68494e-09
4.47105e-09
3.06467e-09
5.08641e-09
3.0294e-09
4.03025e-09
2.19472e-09
5.02446e-09
2.69478e-09
4.48659e-09
2.15861e-09
1.03519e-08
2.80626e-09
1.00602e-08
2.30975e-09
1.94449e-08
2.50809e-09
1.91827e-08
1.90481e-09
1.91769e-08
1.85831e-09
1.1521e-08
1.03871e-09
1.82653e-08
1.40549e-09
1.83242e-08
1.21077e-09
1.68182e-08
9.64421e-10
1.29998e-08
6.21113e-10
3.69792e-08
9.32861e-10
2.55959e-08
4.71324e-10
2.36596e-08
5.28115e-10
3.55099e-08
5.97476e-10
3.97547e-08
4.08078e-10
3.07841e-08
3.07724e-10
3.89448e-08
3.66632e-10
4.1241e-08
3.8661e-10
4.76712e-08
3.74868e-10
4.21557e-08
3.19073e-10
6.05314e-08
2.67213e-10
8.4766e-08
2.72109e-10
4.6896e-08
1.49706e-10
3.28272e-08
1.56624e-10
4.96769e-08
1.84846e-10
4.22422e-08
1.28507e-10
3.7019e-08
1.52355e-10
4.08133e-08
1.01236e-10
3.22879e-08
1.08424e-10
2.01101e-08
9.92383e-11
1.60177e-08
9.3217e-11
1.25891e-08
5.82483e-11
7.5278e-09
7.2725e-11
1.23825e-08
5.56972e-11
7.57622e-09
4.11627e-11
2.90912e-09
4.12053e-11
1.90307e-09
4.3199e-11
2.80883e-09
3.85323e-11
1.9352e-09
4.27263e-11
2.74433e-09
3.3988e-11
9.22829e-10
4.3049e-11
1.00232e-09
3.21011e-11
3.43484e-10
3.17852e-11
3.43144e-10
2.66778e-11
3.20129e-10
3.03295e-11
3.3589e-10
2.13964e-11
1.19197e-10
2.21028e-11
1.66709e-10
2.30293e-11
1.13651e-10
1.83033e-11
1.49623e-10
2.07175e-11
1.6156e-10
1.14788e-11
5.2314e-11
1.57354e-11
4.97176e-11
1.63208e-11
2.7088e-11
1.78125e-11
3.05867e-11
1.38827e-11
3.96686e-11
1.17731e-11
3.22387e-11
1.31747e-11
2.21004e-11
1.52768e-11
1.61434e-11
1.36753e-11
1.29628e-11
2.17359e-11
1.56312e-11
1.95376e-11
2.05563e-11
1.94549e-11
2.10573e-11
2.94276e-11
1.18701e-11
3.21097e-11
1.3906e-11
5.50927e-11
1.65156e-11
6.0393e-11
1.32309e-11
3.28322e-11
1.27059e-11
7.58688e-11
1.96897e-11
9.9663e-11
1.09766e-11
1.07173e-10
7.94679e-12
2.07755e-10
1.03797e-11
2.73805e-10
7.72207e-12
2.64146e-10
5.72266e-12
4.99406e-10
7.40934e-12
4.73671e-10
5.39625e-12
4.68112e-10
4.59861e-12
4.54551e-10
4.0549e-12
3.9881e-10
4.57856e-12
4.87917e-10
3.63852e-12
3.77591e-10
3.18606e-12
3.84386e-10
2.68787e-12
2.28125e-10
1.57503e-12
3.37419e-10
1.72382e-12
3.68466e-10
1.16854e-12
3.08859e-10
1.39963e-12
3.49107e-10
9.68371e-13
2.57635e-10
9.79725e-13
2.17087e-10
7.94322e-13
2.44594e-10
7.5217e-13
1.58733e-10
7.30502e-13
1.53655e-10
4.85274e-13
1.09173e-10
4.77067e-13
1.22965e-10
3.45539e-13
8.06755e-11
3.42479e-13
5.26767e-11
2.56113e-13
3.87515e-11
2.11709e-13
2.62928e-11
1.7665e-13
1.68874e-11
1.64953e-13
1.26296e-11
1.21719e-13
5.56722e-12
1.21929e-13
3.51487e-12
1.002e-13
4.28118e-12
6.3706e-14
2.97111e-12
4.85404e-14
1.76417e-12
3.87565e-14
9.38609e-13
3.63967e-14
5.0074e-13
3.20836e-14
3.2216e-13
2.55225e-14
2.52641e-13
2.28966e-14
2.94662e-13
1.99665e-14
3.02567e-13
1.39001e-14
1.35215e-13
1.32331e-14
1.03738e-13
1.11969e-14
6.1862e-14
8.53121e-15
2.53934e-14
8.0142e-15
2.53476e-14
6.08082e-15
2.34377e-14
4.39549e-15
2.09886e-14
3.91724e-15
1.33645e-14
3.75507e-15
5.6052e-15
2.93862e-15
5.375e-15
2.891e-15
4.66009e-15
1.89756e-15
2.33448e-15
2.93485e-15
2.08789e-15
2.4372e-15
1.5236e-15
3.18651e-15
1.27584e-15
1.73514e-15
1.24558e-15
2.60685e-15
1.20832e-15
1.86062e-15
6.07693e-16
2.73582e-15
5.62434e-16
1.85946e-15
3.87676e-16
1.29718e-15
2.90991e-16
1.57147e-15
2.17151e-16
