1
4.41109
4.23933
4.64991
7.40239
7.41169
5.5917
6.36898
7.11605
4.96874
5.91011
8.40052
7.50422
6.03553
10.6064
11.0994
7.8385
10.8787
14.714
11.4183
10.6924
15.3898
14.0612
9.10613
13.7864
14.4178
9.23828
12.2958
15.8768
10.4422
10.971
14.7541
11.3566
9.07759
14.1618
13.0774
8.99484
13.3913
14.5701
9.54974
10.9945
14.0423
10.2081
8.5217
12.8992
10.3742
7.78789
12.2319
10.8793
7.29383
11.7319
11.6013
7.19016
10.8128
12.5222
8.2326
9.69516
13.3346
10.114
8.39082
13.2765
11.5231
8.14463
13.0775
12.8803
8.42876
12.7034
13.6161
8.70411
11.2536
13.9908
10.9046
8.48644
13.1963
11.8054
7.86494
12.2605
11.779
7.45741
11.4067
12.4336
7.9733
10.6206
12.8318
8.67694
9.36901
13.194
9.58062
9.19215
13.0996
10.5119
8.11722
11.4523
11.6962
7.2811
9.91669
11.5528
7.5106
8.85978
11.5051
7.53782
8.1126
11.1169
8.3139
7.4685
11.2882
10.023
7.03248
10.1318
10.5598
6.56975
9.68019
10.6294
6.7844
9.05952
11.2203
8.84692
6.94212
10.9773
10.1572
7.79908
12.1894
12.3628
7.81757
9.60294
11.6404
7.39823
9.13746
11.7953
8.33908
8.35826
11.7824
10.1224
7.217
11.5034
10.5861
6.90338
10.9498
11.0252
7.14923
9.53851
11.6947
8.08256
8.554
11.8608
9.80849
7.14639
11.1984
10.3981
7.14424
11.1986
10.6262
6.88854
10.5018
11.1261
7.31627
8.78921
11.6585
8.41485
8.30753
11.8391
10.0258
7.52857
10.9413
11.3286
7.84279
9.61674
12.2857
9.38241
8.64586
12.4988
9.35861
8.7716
12.5842
9.50067
8.84467
12.7085
9.38798
9.0554
12.91
9.69254
8.72526
12.6784
11.1453
7.94675
12.5554
11.8838
9.15612
11.6085
13.1482
8.72852
10.6352
13.082
8.47998
10.6218
13.3209
9.93887
9.29724
13.2981
10.3031
9.01171
13.3797
10.1107
9.38538
13.4165
11.6098
8.42221
11.9091
12.2372
8.36795
11.2823
13.0049
9.50629
10.4584
13.1506
10.6145
8.11176
12.0716
11.3674
7.9521
10.4764
12.0948
8.95166
9.0884
12.046
9.7249
8.04967
11.4832
10.3792
7.57585
11.3299
10.3407
7.20069
10.6472
11.0611
7.40586
9.40857
11.4479
8.35691
8.28781
11.3658
9.46258
7.06013
10.3362
10.1935
6.84723
10.0322
9.92904
6.64726
9.68981
10.1946
7.0267
8.21534
10.4125
7.8737
7.07158
10.254
9.59541
6.47164
8.8291
9.80181
6.33716
8.88329
10.035
7.02758
7.78621
9.77071
6.49401
7.85383
9.65266
6.98348
7.61075
9.78652
8.08751
5.95384
9.13116
8.02954
6.13895
8.87429
8.23338
5.67634
7.98864
8.22144
5.8757
6.86244
8.42676
6.26725
6.13062
8.33934
6.78977
5.50071
7.94162
6.26911
5.29222
7.48497
6.09237
4.69574
6.94076
6.59519
4.88165
5.52128
6.70901
4.55037
5.14342
6.45952
4.62437
4.50176
6.17839
5.06635
4.19757
5.77711
5.45446
3.84554
5.65427
6.04971
4.36867
5.157
6.08099
4.48817
3.9132
5.39298
4.01933
3.80606
5.1839
3.99051
3.46338
4.84813
4.42424
3.24883
4.6414
4.67835
3.29506
3.95183
4.80509
3.47959
3.4566
4.5854
3.3513
3.34161
4.52204
3.77066
2.95065
4.28435
4.16326
2.95545
3.65127
4.43453
3.46002
2.97691
4.19373
3.89275
2.74098
4.03344
4.20931
2.90699
3.40226
4.23947
3.09098
3.23621
4.34262
3.72535
2.84666
4.00889
3.80915
2.64623
3.96795
4.03339
2.75717
3.64995
4.19817
2.98011
3.30471
4.29781
3.11351
3.31606
4.29532
3.12461
3.25817
4.33538
3.27155
3.04701
4.29891
3.43416
2.99321
4.2999
3.6251
2.84972
4.22014
3.72548
3.01367
3.76208
4.2807
2.887
3.43509
4.30829
3.18433
3.18406
4.34535
3.47303
2.94159
4.19967
3.97402
2.78101
3.93343
3.94352
2.78369
4.09537
4.65992
3.48688
3.37776
4.23356
3.03148
3.3266
4.29335
3.62561
2.8585
4.06559
4.0199
2.70915
3.78509
3.91252
2.60252
3.79594
4.03634
2.89197
3.43885
4.26423
3.27368
3.04302
4.15803
3.7629
2.67193
4.11564
3.88095
2.85471
3.70335
4.23242
3.23778
3.0634
4.2477
3.90767
2.70182
4.02527
3.87102
2.73781
3.78499
4.13522
2.77652
3.55451
4.21683
3.14759
3.0211
4.18207
3.62553
2.68446
3.92936
3.64675
2.56816
3.88963
3.54635
2.56521
3.8611
3.23637
2.6321
3.78925
2.92378
2.65372
3.68503
2.77472
2.65197
3.54974
3.00467
2.38207
3.43239
3.22414
2.2998
3.0676
3.51054
2.5924
2.50946
3.3807
3.07398
2.21377
2.97386
3.1726
2.08365
2.97278
3.03544
2.15037
2.68286
3.20786
2.21385
2.57035
3.17464
2.42825
2.31818
3.20095
2.66521
2.2249
3.10532
3.01649
2.50106
2.79981
3.0074
2.0483
2.61632
3.08201
2.32314
2.30862
3.00929
2.59575
1.98132
2.81279
2.55809
1.81577
2.59346
2.42331
1.71254
2.56789
2.30143
1.70743
2.29583
2.56705
1.94171
1.83599
2.53469
2.1979
1.70467
2.40333
2.36977
1.65615
2.1437
2.45537
1.69857
1.95535
2.36461
1.62797
1.92932
2.36387
1.76406
1.63517
2.30924
1.96373
1.56057
2.29596
1.92519
1.47532
2.15091
2.15972
1.56466
1.85425
2.26336
1.62352
1.68342
2.2212
1.62856
1.65975
2.17779
1.72567
1.44451
2.08781
1.82632
1.52208
2.03368
1.85639
1.3295
1.9538
1.99438
1.42158
1.61956
2.00374
1.49711
1.45903
1.95417
1.51926
1.44918
1.91547
1.67211
1.31454
1.79787
1.78476
1.30976
1.8051
1.93552
1.40025
1.62195
1.9822
1.55379
1.36862
1.91101
1.54156
1.29799
1.86562
1.66758
1.53809
2.03669
1.90112
1.23589
1.66221
1.77297
1.21049
1.52251
1.83372
1.24355
1.56405
1.80752
1.27113
1.49317
1.82865
1.46875
1.25322
1.74784
1.63935
1.15526
1.60828
1.71542
1.23236
1.36726
1.72484
1.42918
1.19266
1.63452
1.55676
1.11675
1.52945
1.68283
1.20305
1.33097
1.67899
1.35679
1.16302
1.62864
1.44069
1.08023
1.55182
1.50987
1.05175
1.49154
1.51521
1.09669
1.28742
1.59233
1.19656
1.19924
1.57059
1.17283
1.13765
1.53154
1.2982
1.00154
1.46735
1.26577
0.992655
1.42994
1.3025
0.960445
1.42207
1.27811
0.973208
1.36897
1.29959
0.992609
1.24058
1.40082
1.07609
1.05829
1.35934
1.22288
0.899977
1.2789
1.15351
0.857575
1.15666
1.23356
0.832713
1.06446
1.20177
0.869217
0.971916
1.22903
1.012
0.8242
1.1559
1.0467
0.788633
1.10951
1.10177
0.78304
0.999084
1.12981
0.804564
0.980301
1.23404
1.02082
0.818169
1.06935
0.862786
0.755925
1.04583
0.796842
0.77109
1.00951
0.795106
0.692463
0.980476
0.792917
0.697361
0.941575
0.897871
0.654427
0.784252
0.927146
0.68276
0.734858
0.923131
0.764565
0.633527
0.874426
0.784728
0.584055
0.782439
0.838479
0.575371
0.739375
0.81711
0.56866
0.716488
0.830049
0.61948
0.6105
0.831169
0.689659
0.629955
0.848491
0.736071
0.563263
0.797228
0.67677
0.567319
0.792845
0.743305
0.545915
0.688005
0.788657
0.583517
0.631091
0.781939
0.637066
0.57937
0.748154
0.663308
0.517425
0.731044
0.710898
0.500267
0.683638
0.74161
0.572012
0.56333
0.74731
0.64391
0.515283
0.705761
0.653183
0.47715
0.688972
0.613235
0.48316
0.628294
0.672623
0.487791
0.605655
0.65748
0.466948
0.542695
0.664189
0.480001
0.522371
0.649223
0.536985
0.509314
0.647711
0.56562
0.467303
0.588758
0.569597
0.407141
0.552786
0.562249
0.405833
0.547686
0.579441
0.409546
0.494031
0.580138
0.446984
0.453508
0.558804
0.437904
0.393732
0.527253
0.475366
0.361468
0.497405
0.499242
0.356395
0.45475
0.518073
0.386239
0.401917
0.513939
0.432905
0.349466
0.487206
0.436697
0.355271
0.44472
0.473364
0.334355
0.428582
0.469412
0.348754
0.374859
0.474912
0.382408
0.347818
0.460084
0.42506
0.316701
0.422066
0.434529
0.31248
0.400394
0.452582
0.347578
0.342366
0.445207
0.368545
0.324459
0.437226
0.353816
0.323788
0.428762
0.336982
0.319351
0.413464
0.38949
0.28229
0.369722
0.391424
0.283882
0.343761
0.384267
0.278292
0.323179
0.374949
0.282645
0.280449
0.367406
0.299934
0.248006
0.344435
0.310318
0.242326
0.333434
0.311359
0.229945
0.320731
0.302105
0.225024
0.301608
0.321482
0.24264
0.315232
0.352169
0.262675
0.244087
0.317194
0.260463
0.236097
0.308006
0.29497
0.209055
0.286287
0.283883
0.205976
0.275584
0.276008
0.204348
0.253341
0.289987
0.22583
0.208226
0.27978
0.240476
0.192128
0.266415
0.247239
0.195506
0.252809
0.266719
0.193745
0.210821
0.254786
0.186631
0.195254
0.247065
0.198098
0.180914
0.234485
0.22025
0.162159
0.219163
0.220322
0.160792
0.201964
0.228387
0.17068
0.190649
0.230621
0.177823
0.173152
0.226707
0.197375
0.161512
0.213454
0.215234
0.160233
0.205109
0.224206
0.164022
0.191551
0.224352
0.174174
0.171493
0.215769
0.18662
0.151269
0.201176
0.201002
0.147919
0.18388
0.206997
0.148518
0.174771
0.199715
0.152891
0.156704
0.199137
0.17118
0.136564
0.19057
0.165906
0.135531
0.17974
0.176022
0.129486
0.162253
0.181638
0.131597
0.153415
0.181556
0.133667
0.15231
0.184428
0.146546
0.140806
0.175784
0.136073
0.140585
0.180407
0.159396
0.142458
0.171693
0.162845
0.122395
0.155355
0.162155
0.120816
0.143918
0.164544
0.134274
0.120361
0.162671
0.151988
0.114056
0.15093
0.160846
0.115676
0.129965
0.149553
0.109941
0.130601
0.147706
0.106972
0.12672
0.142783
0.101223
0.132507
0.141472
0.105406
0.119315
0.141795
0.115088
0.10364
0.137545
0.120443
0.0943993
0.126913
0.118874
0.0902732
0.114298
0.125871
0.0895933
0.11787
0.12274
0.0907861
0.105496
0.126348
0.0965519
0.0932492
0.11921
0.101073
0.0884209
0.115722
0.102681
0.0812295
0.102649
0.105848
0.0796429
0.0914666
0.106964
0.0807202
0.0846985
0.104439
0.083362
0.0753104
0.100302
0.0860482
0.0720787
0.0926434
0.0921463
0.0701792
0.0827132
0.0921982
0.0689854
0.0792668
0.0928347
0.0727052
0.0704912
0.0898444
0.077006
0.0654254
0.0871923
0.0771128
0.062795
0.0839915
0.0762423
0.0637718
0.0776477
0.0798137
0.0599919
0.0692682
0.0785002
0.0576877
0.0650937
0.0789461
0.063873
0.0601993
0.0768466
0.0663271
0.0612037
0.0749712
0.0740536
0.0580615
0.0630447
0.0770129
0.0665458
0.0586448
0.0716906
0.0652942
0.0526068
0.0708337
0.0633596
0.0517475
0.0680805
0.0632012
0.0496655
0.0652965
0.0645955
0.0483731
0.0667059
0.0629011
0.0519667
0.0633897
0.0644301
0.0487856
0.0617647
0.0656878
0.0519843
0.0538578
0.066502
0.0521721
0.0514929
0.0645838
0.0546006
0.0483766
0.0622992
0.0586607
0.0461795
0.0589544
0.0610517
0.04712
0.0534952
0.0624542
0.05044
0.0467673
0.0616657
0.0546338
0.0446795
0.0555229
0.0584943
0.0429929
0.0535149
0.0574229
0.0428728
0.048442
0.0575042
0.0422916
0.0480969
0.0564819
0.0466729
0.041639
0.0535366
0.0501346
0.0378195
0.0488125
0.0505582
0.0368227
0.0472465
0.0493869
0.0371954
0.0474663
0.0519081
0.0394978
0.0411663
0.049825
0.0386885
0.0425156
0.0498303
0.0387852
0.0404974
0.0491242
0.0400678
0.036923
0.0473471
0.042063
0.0342467
0.046053
0.0447621
0.0339026
0.040904
0.0462691
0.036738
0.0374063
0.0480867
0.0432952
0.0350265
0.0432802
0.0430694
0.0324695
0.0390123
0.0410299
0.0304671
0.0386458
0.0410747
0.0301182
0.0357715
0.0403925
0.031696
0.0320108
0.0400256
0.032378
0.0319392
0.0398138
0.032343
0.0304237
0.0391679
0.0347207
0.0280017
0.0363132
0.0381236
0.0285067
0.0328305
0.0363505
0.0298147
0.0287292
0.0363616
0.0286393
0.0273476
0.0350492
0.030476
0.0264031
0.0337277
0.0319289
0.0254997
0.0305605
0.0341964
0.0278741
0.0262303
0.0335685
0.029998
0.0254235
0.0313133
0.0318792
0.0234883
0.0303354
0.0310827
0.0237611
0.0272532
0.0316491
0.024078
0.0267836
0.0309367
0.0250934
0.0250537
0.0302956
0.0261595
0.0219217
0.0288709
0.0266373
0.0206849
0.0271716
0.0272862
0.0208152
0.0243109
0.0280666
0.0216558
0.0226291
0.026974
0.0203235
0.0227199
0.026296
0.0199143
0.021844
0.0255749
0.0194795
0.0207692
0.0251731
0.0220163
0.0177639
0.0233496
0.0228338
0.0176922
0.0213823
0.0238998
0.0187238
0.0186032
0.0237753
0.0210052
0.0201772
0.022979
0.0214651
0.0174122
0.0212117
0.0220384
0.0158775
0.0203163
0.0208228
0.0155314
0.0194285
0.0203677
0.0147289
0.0190307
0.0202055
0.014778
0.0178018
0.0201329
0.0149825
0.0161605
0.0200143
0.0156581
0.016048
0.0196427
0.0158265
0.0141886
0.0185708
0.0174486
0.0133271
0.0171335
0.0179126
0.013219
0.0160384
0.0180857
0.0148007
0.0134997
0.0175423
0.0155408
0.0125575
0.016285
0.016914
0.012748
0.0144407
0.0167564
0.0136441
0.012837
0.0164053
0.013499
0.0124813
0.015891
0.0149831
0.0115501
0.0141875
0.0150896
0.0115027
0.0133924
0.0150679
0.0111944
0.0130591
0.0151903
0.0124051
0.0114222
0.0146092
0.0132972
0.0105764
0.0140048
0.0137254
0.0105786
0.0127166
0.0142526
0.0110054
0.0116717
0.0142866
0.0114421
0.0112513
0.0139843
0.0105355
0.011609
0.0139516
0.0115907
0.0103121
0.0134509
0.0131334
0.00964813
0.0127862
0.0130365
0.00971086
0.0124173
0.0130084
0.0103194
0.0125628
0.0141295
0.0107986
0.010392
0.0131152
0.0112718
0.00937221
0.0128666
0.0114259
0.00916041
0.0123878
0.0113842
0.00880771
0.0116975
0.0117791
0.00869233
0.0108681
0.0118845
0.00884615
0.0105802
0.0117359
0.0084741
0.0106705
0.0120072
0.00956318
0.00916708
0.0118862
0.00991579
0.00903437
0.0114583
0.0110362
0.00861748
0.0101866
0.011303
0.00930471
0.00857535
0.0113643
0.00978344
0.00823014
0.0111466
0.00946306
0.00763502
0.0100969
0.0104739
0.00772891
0.0096875
0.0104291
0.0075284
0.00894648
0.0104759
0.00813026
0.00841872
0.0105087
0.00840643
0.00825882
0.0102432
0.00930483
0.00781135
0.00952133
0.00956615
0.00700757
0.0089462
0.00979229
0.00733049
0.00767684
0.00972904
0.00779915
0.00704328
0.00939223
0.00809058
0.0066843
0.00880472
0.00859112
0.0065649
0.00860571
0.00883474
0.00647031
0.00796453
0.00889324
0.00721716
0.00678802
0.00874778
0.00703662
0.00648312
0.0084904
0.00697036
0.00624503
0.00805422
0.0070796
0.00579027
0.0073015
0.00771787
0.00565338
0.00678085
0.00790226
0.00645771
0.00630324
0.00740191
0.0062997
0.00521938
0.00704068
0.00588043
0.00511611
0.00680736
0.00545577
0.00489109
0.00642396
0.00579513
0.00449035
0.00597007
0.00580779
0.004385
0.00571369
0.00608522
0.00458219
0.00484229
0.00571892
0.00461586
0.00428087
0.00556406
0.00448489
0.00402972
0.00502559
0.00502962
0.00368743
0.00479084
0.00491795
0.00365843
0.00463025
0.00488775
0.00367416
0.0043633
0.00484475
0.00366468
0.00384519
0.00480701
0.00410941
0.00350918
0.00470644
0.00429351
0.00337594
0.00432849
0.00445768
0.00333391
0.00389128
0.00450776
0.00348341
0.00366496
0.00437034
0.00368713
0.0032498
0.00425556
0.00395418
0.00308991
0.00377303
0.00406684
0.00311253
0.00341858
0.00400768
0.00316753
0.00320409
0.0039127
0.0033896
0.00291314
0.00365432
0.00356986
0.00269836
0.00337133
0.00354092
0.00289811
0.00284856
0.00351064
0.00301922
0.00262615
0.00349027
0.00285993
0.00264833
0.003389
0.00304603
0.00252369
0.00336948
0.00312968
0.00263477
0.00336881
0.00326782
0.00283052
0.00345255
0.00348422
0.00263885
0.00297734
0.0034441
0.00275427
0.00284965
0.00340123
0.00264665
0.00268119
0.0033595
0.00289075
0.00262152
0.00331143
0.00319679
0.00248776
0.00303155
0.00319252
0.00240325
0.00290824
0.0031789
0.00243292
0.00278757
0.00318627
0.0024724
0.00252985
0.00314713
0.00281876
0.00235565
0.00296658
0.00305781
0.00230563
0.00275254
0.00296752
0.00226876
0.0027056
0.00288131
0.00221809
0.00270581
0.00285273
0.00218085
0.00250017
0.00289391
0.00232481
0.00235615
0.00287478
0.00237952
0.00230172
0.00280609
0.00248334
0.00208919
0.00262821
0.00269362
0.00211639
0.00244575
0.00269316
0.00216096
0.00220397
0.00268631
0.0022375
0.00207925
0.00257849
0.00235213
0.00190974
0.00247078
0.00232708
0.00185685
0.00232593
0.00233067
0.00191443
0.00208163
0.00236159
0.00199836
0.0018249
0.00219814
0.00212346
0.00171863
0.00203404
0.00214581
0.00165274
0.00188541
0.00209222
0.00163755
0.00177584
0.00204761
0.00153586
0.00179105
0.00201869
0.00167233
0.0015318
0.00191393
0.00169954
0.00157288
0.00187414
0.00180436
0.00137966
0.00169639
0.00182186
0.00152973
0.00157867
0.00183383
0.00156117
0.00140439
0.0017252
0.00151044
0.00129667
0.00164479
0.00159257
0.00123359
0.00154264
0.00151368
0.00118014
0.00147412
0.00147176
0.0011529
0.0013542
0.00148211
0.00118474
0.00121696
0.00145275
0.00131079
0.00110209
0.00141934
0.00125742
0.00109219
0.0013883
0.00124738
0.00103289
0.00130701
0.00127158
0.00101808
0.00120111
0.00130695
0.00103952
0.00109025
0.00127958
0.00108189
0.00101139
0.00127741
0.0011424
0.000957085
0.00121581
0.00106091
0.000948721
0.00119388
0.00106336
0.000904728
0.00110352
0.00113321
0.000901208
0.000997312
0.0011185
0.00090881
0.000861469
0.00106105
0.000980957
0.000821418
0.00103474
0.000989153
0.000784589
0.000950448
0.00102438
0.000806707
0.000864807
0.00100513
0.000901282
0.000786868
0.000993996
0.000912875
0.000756404
0.000972576
0.00097132
0.000752474
0.00087034
0.000969657
0.000768753
0.000831876
0.000988616
0.000849762
0.000766359
0.000957517
0.00082259
0.000756083
0.000957517
0.000778344
0.000764654
0.00094807
0.000839341
0.000775466
0.00102155
0.000956389
0.000715771
0.000916628
0.000911427
0.000743146
0.000900049
0.000899048
0.000724282
0.000865254
0.000937752
0.000734623
0.000804927
0.000956711
0.000768357
0.000779147
0.000953458
0.000873639
0.000720792
0.000887798
0.000929377
0.000721414
0.000909108
0.000943006
0.000779884
0.00082542
0.00097695
0.000793418
0.000809258
0.000963828
0.000834076
0.00073211
0.000933157
0.000857797
0.00074535
0.000962743
0.000886749
0.000728871
0.000906185
0.00086233
0.000694641
0.000864987
0.000887679
0.000670338
0.000818068
0.000866139
0.000687918
0.000758075
0.000850353
0.000677488
0.00071043
0.00085334
0.000731794
0.000660008
0.000818469
0.000784757
0.000609767
0.000778333
0.000785247
0.000620613
0.00070111
0.000803751
0.000701648
0.000601429
0.000764503
0.000742559
0.000581021
0.000721417
0.000762689
0.000608806
0.000663199
0.000778257
0.000647557
0.00059868
0.000767645
0.000676326
0.000586775
0.000752514
0.000666337
0.000574581
0.000752397
0.000718162
0.000571894
0.000684591
0.000736113
0.000550386
0.000684932
0.000740131
0.000592428
0.000603767
0.000747345
0.000647319
0.000550911
0.0007267
0.000653683
0.000587667
0.00073939
0.000743915
0.000569239
0.000640061
0.000728802
0.000575605
0.000594053
0.000724385
0.000569226
0.000570792
0.000715636
0.000625455
0.00053536
0.000662861
0.000707555
0.000527435
0.000643474
0.000691425
0.000514181
0.000672449
0.000677251
0.00052112
0.000616599
0.000714557
0.000565569
0.000593925
0.000721673
0.000585821
0.000587531
0.000731717
0.000615254
0.000561648
0.000724996
0.000655702
0.000537908
0.000716703
0.000674116
0.000550171
0.000703278
0.000711076
0.000575926
0.000640663
0.000744271
0.00058058
0.000622909
0.000751377
0.000600803
0.000608962
0.000749495
0.000624541
0.000566309
0.000725423
0.000684743
0.000553751
0.000661851
0.000746741
0.000619015
0.000582213
0.00075617
0.000653779
0.000580744
0.000743792
0.000724322
0.000571806
0.00075946
0.000743689
0.00058799
0.000762579
0.000755692
0.000581483
0.0007006
0.000814828
0.000637254
0.000705068
0.000833034
0.000687636
0.000684682
0.000874368
0.000729059
0.000726138
0.000933348
0.000845834
0.000668893
0.000859959
0.000857479
0.000647784
0.000796187
0.00088881
0.000693777
0.000767695
0.000895619
0.000698997
0.000767024
0.000931123
0.000802143
0.000683478
0.000891262
0.000816302
0.000683988
0.000802193
0.000894277
0.000702846
0.000765303
0.000912009
0.000761064
0.000701514
0.000903459
0.000778865
0.000692108
0.00088192
0.000829931
0.000659713
0.000824658
0.000872515
0.000666464
0.000802305
0.000892099
0.000724386
0.00070897
0.000895863
0.000759984
0.000683191
0.000886568
0.000768061
0.000684799
0.000875075
0.000846534
0.000682214
0.000798783
0.000881298
0.000682809
0.000760197
0.000878933
0.000716112
0.000721865
0.000880335
0.000697227
0.000730376
0.000868846
0.000693371
0.000679694
0.000859571
0.000811163
0.00063536
0.00079174
0.000826082
0.000630842
0.000766613
0.000835837
0.000635994
0.000716109
0.000840798
0.000664988
0.000655657
0.00082244
0.000702782
0.000629754
0.000802755
0.00072151
0.000598058
0.000775252
0.000745916
0.000592857
0.000757204
0.000783947
0.000628785
0.000680531
0.000777059
0.000616065
0.000614373
0.000766929
0.000623748
0.000596989
0.000761576
0.000702582
0.000553207
0.000680912
0.000695687
0.000550301
0.000624811
0.000718996
0.000565438
0.000613306
0.000725157
0.000587222
0.000550889
0.000673489
0.000661249
0.000514554
0.000637795
0.000645641
0.000497172
0.000613959
0.000646604
0.000509467
0.000543853
0.000653611
0.000534777
0.000512595
0.000648919
0.000567482
0.000483721
0.000613323
0.000597769
0.000478829
0.000585446
0.00062871
0.000498174
0.000517461
0.000623109
0.000522462
0.000492359
0.000617714
0.000555903
0.000476125
0.000598468
0.00060681
0.000468047
0.000536489
0.000601334
0.000461993
0.000533364
0.00058108
0.000468284
0.000488432
0.000587613
0.000489033
0.000465883
0.000585493
0.000518275
0.000434393
0.000524925
0.000566887
0.000433166
0.000486757
0.000556526
0.000422652
0.000484065
0.000542181
0.000420353
0.000470893
0.000537659
0.000443293
0.000418591
0.000529445
0.000461772
0.000406067
0.000516687
0.000473407
0.000385192
0.000490658
0.00049167
0.000378091
0.000449774
0.000503219
0.000390165
0.000426239
0.000500505
0.000388198
0.000434374
0.000516459
0.000445258
0.0004033
0.000494015
0.000452224
0.000375282
0.000467533
0.000443338
0.000350192
0.00044185
0.000442146
0.000359592
0.000389084
0.000450163
0.000397727
0.000340388
0.000445395
0.000369814
0.000347269
0.000433587
0.000386959
0.000323088
0.000415359
0.000413952
0.000315222
0.000397668
0.000407429
0.00033246
0.000356438
0.000413659
0.000329722
0.000328472
0.000402403
0.000335626
0.000314803
0.000396403
0.000335362
0.000310984
0.000391947
0.000345655
0.000302516
0.000379003
0.000364967
0.000298828
0.000358832
0.000384644
0.000296017
0.000340932
0.000390395
0.000327242
0.000300109
0.000374243
0.000320325
0.000285439
0.000358396
0.000337549
0.000281505
0.00031364
0.0003545
0.000270219
0.000316603
0.000344171
0.000273258
0.000295653
0.000344652
0.000277243
0.000286262
0.000339077
0.000271915
0.000267139
0.000326356
0.000283711
0.00024729
0.000316056
0.000287773
0.000234155
0.000297248
0.00029624
0.000233355
0.000276248
0.000301163
0.000238182
0.000254609
0.000304284
0.000244543
0.000247261
0.0002973
0.000248958
0.000230604
0.000289042
0.000266284
0.000232591
0.000286296
0.000279094
0.00020635
0.000242025
0.000272956
0.000230093
0.000201934
0.000263984
0.000229811
0.000193237
0.00024975
0.000247304
0.00019392
0.000221319
0.000248769
0.000191765
0.000206271
0.000241776
0.000208513
0.000180606
0.000233135
0.000219893
0.000174834
0.000211743
0.00023099
0.000179362
0.000195841
0.000226313
0.000185648
0.000171158
0.0002183
0.000201796
0.000161115
0.000207313
0.000199756
0.000157353
0.000204982
0.000188264
0.000153115
0.000193381
0.000187841
0.000145755
0.000185134
0.000186152
0.000143167
0.000175778
0.000182259
0.000141054
0.000153856
0.000181654
0.000156934
0.00013211
0.000170288
0.000162949
0.000134445
0.000156972
0.000172185
0.000134724
0.000147769
0.000167187
0.000127266
0.0001506
0.000167775
0.000132707
0.000137909
0.000161954
0.000127968
0.000135029
0.000159807
0.000126894
0.000130076
0.000158678
0.000130427
0.000121581
0.000151554
0.000138246
0.000112237
0.000141691
0.000145086
0.000111136
0.000129144
0.000146454
0.000118409
0.000120068
0.000146454
0.000116741
0.000114135
0.00014198
0.000125977
0.000107152
0.000130273
0.000134713
0.000107258
0.000111428
0.000134693
0.000110619
0.000107193
0.000133791
0.000122635
0.000102362
0.000126312
0.000112152
9.66402e-05
0.000121224
0.000118532
9.27286e-05
0.00010958
0.000121368
9.21229e-05
0.000106603
0.0001205
9.70817e-05
9.88779e-05
0.00012099
9.64633e-05
9.31056e-05
0.000116822
0.000103033
8.80809e-05
0.000108208
0.000109645
8.53743e-05
0.000107661
0.000107941
8.47832e-05
0.000101098
0.00010757
8.1446e-05
9.53647e-05
0.000104012
8.18908e-05
8.95676e-05
0.000103351
8.66071e-05
7.69055e-05
9.59006e-05
9.35824e-05
7.24558e-05
8.92414e-05
9.47355e-05
7.36931e-05
8.16436e-05
9.42512e-05
7.95514e-05
7.10734e-05
8.90515e-05
8.34104e-05
6.68421e-05
8.28307e-05
8.42774e-05
6.64791e-05
7.71043e-05
8.61363e-05
6.8628e-05
6.82037e-05
8.23864e-05
6.88737e-05
6.25934e-05
8.04919e-05
6.93079e-05
5.9729e-05
7.70076e-05
6.7751e-05
5.73855e-05
7.56288e-05
6.5118e-05
5.72359e-05
7.35429e-05
6.16972e-05
5.63392e-05
6.8996e-05
6.61563e-05
5.04473e-05
6.22143e-05
6.6968e-05
5.07597e-05
5.55811e-05
6.70049e-05
5.69208e-05
4.77377e-05
6.16366e-05
6.04837e-05
4.57774e-05
5.75409e-05
6.0826e-05
4.50996e-05
5.6488e-05
6.08948e-05
4.71749e-05
5.04936e-05
6.09421e-05
4.9779e-05
4.52543e-05
5.77371e-05
5.21406e-05
4.1908e-05
5.35038e-05
5.48995e-05
4.23498e-05
4.68449e-05
5.43439e-05
4.32686e-05
4.31855e-05
5.28106e-05
4.47048e-05
3.91432e-05
5.09696e-05
4.39447e-05
3.63067e-05
4.67834e-05
4.52141e-05
3.45298e-05
4.5485e-05
4.34118e-05
3.33989e-05
4.29077e-05
4.26987e-05
3.32254e-05
3.73323e-05
4.3791e-05
3.28472e-05
3.5206e-05
4.18019e-05
3.70828e-05
3.09722e-05
4.03038e-05
3.62149e-05
2.90296e-05
3.81538e-05
3.56751e-05
2.78067e-05
3.63303e-05
3.44985e-05
2.69552e-05
3.49621e-05
3.39105e-05
2.60565e-05
3.14281e-05
3.47377e-05
2.68057e-05
2.92808e-05
3.4447e-05
2.91011e-05
2.56446e-05
3.29627e-05
2.90599e-05
2.45554e-05
3.14916e-05
2.8576e-05
2.36393e-05
3.09418e-05
2.89552e-05
2.31336e-05
2.80805e-05
2.98004e-05
2.31823e-05
2.55529e-05
2.93314e-05
2.18813e-05
2.52302e-05
2.86392e-05
2.38628e-05
2.13855e-05
2.70615e-05
2.5769e-05
2.06367e-05
2.45325e-05
2.70661e-05
2.18987e-05
2.17688e-05
2.67353e-05
2.27735e-05
1.96921e-05
2.51791e-05
2.40202e-05
1.89792e-05
2.42805e-05
2.44266e-05
1.87504e-05
2.24016e-05
2.48159e-05
1.96497e-05
2.00602e-05
2.45494e-05
2.0797e-05
1.83439e-05
2.34836e-05
2.22024e-05
1.75863e-05
2.29149e-05
2.35992e-05
1.78986e-05
1.95203e-05
2.25948e-05
1.74629e-05
1.87359e-05
2.2047e-05
1.67952e-05
1.84633e-05
2.14593e-05
1.60359e-05
1.82473e-05
2.10521e-05
1.65898e-05
1.68447e-05
2.07566e-05
1.81927e-05
1.51819e-05
1.92894e-05
1.95125e-05
1.53118e-05
1.78988e-05
1.97816e-05
1.59899e-05
1.63991e-05
2.01388e-05
1.65279e-05
1.6004e-05
1.98784e-05
1.75055e-05
1.47805e-05
1.90525e-05
1.727e-05
1.44238e-05
1.89024e-05
1.69913e-05
1.39735e-05
1.72573e-05
1.84875e-05
1.42738e-05
1.56268e-05
1.86394e-05
1.51061e-05
1.45921e-05
1.81514e-05
1.59465e-05
1.38979e-05
1.76035e-05
1.72431e-05
1.32775e-05
1.60439e-05
1.71813e-05
1.31408e-05
1.59144e-05
1.7424e-05
1.4179e-05
1.45559e-05
1.73308e-05
1.52027e-05
1.3349e-05
1.71296e-05
1.49723e-05
1.26792e-05
1.5555e-05
1.61513e-05
1.24474e-05
1.56786e-05
1.63338e-05
1.26382e-05
1.4988e-05
1.63433e-05
1.26086e-05
1.40074e-05
1.62498e-05
1.3321e-05
1.24547e-05
1.57788e-05
1.43964e-05
1.18042e-05
1.48351e-05
1.44875e-05
1.14048e-05
1.34324e-05
1.48874e-05
1.16005e-05
1.2484e-05
1.46872e-05
1.21763e-05
1.19062e-05
1.49166e-05
1.36559e-05
1.08847e-05
1.34931e-05
1.32055e-05
1.03415e-05
1.27401e-05
1.33546e-05
1.03194e-05
1.16147e-05
1.36177e-05
1.06981e-05
1.16113e-05
1.33971e-05
1.17558e-05
1.02767e-05
1.30639e-05
1.23433e-05
9.92477e-06
1.16895e-05
1.28462e-05
9.91743e-06
1.16135e-05
1.26446e-05
9.68015e-06
1.13925e-05
1.20673e-05
9.13949e-06
1.10712e-05
1.17317e-05
9.35036e-06
9.70551e-06
1.19726e-05
9.74816e-06
9.5832e-06
1.17659e-05
9.61547e-06
9.06613e-06
1.13478e-05
1.0267e-05
8.52935e-06
1.04439e-05
1.07178e-05
8.32728e-06
1.01993e-05
1.05883e-05
8.2356e-06
9.47456e-06
1.06212e-05
8.53126e-06
8.92018e-06
1.06399e-05
8.5413e-06
8.53965e-06
1.05169e-05
8.93341e-06
7.82331e-06
9.66714e-06
9.77159e-06
7.82295e-06
9.03553e-06
1.01289e-05
8.31109e-06
8.07177e-06
9.94743e-06
7.85738e-06
8.27705e-06
9.55747e-06
7.45107e-06
7.62983e-06
9.32816e-06
8.14316e-06
6.8911e-06
8.71523e-06
8.48417e-06
6.8341e-06
7.81773e-06
8.77018e-06
6.7584e-06
7.63608e-06
8.57936e-06
7.13476e-06
6.94303e-06
8.56955e-06
7.29744e-06
6.46195e-06
8.31936e-06
7.69878e-06
6.62403e-06
8.36071e-06
8.39671e-06
6.58218e-06
7.48686e-06
8.36617e-06
6.68107e-06
6.63498e-06
8.1879e-06
6.85954e-06
6.33437e-06
8.06527e-06
7.13136e-06
5.97719e-06
7.32691e-06
7.9057e-06
6.21013e-06
6.7886e-06
7.70524e-06
6.07184e-06
6.66475e-06
7.63434e-06
6.31459e-06
6.23288e-06
7.52377e-06
6.36031e-06
6.00241e-06
7.40054e-06
6.85094e-06
5.59911e-06
6.84874e-06
6.94638e-06
5.48579e-06
6.56026e-06
6.91024e-06
5.36484e-06
6.19855e-06
6.92573e-06
5.49505e-06
5.66181e-06
6.85819e-06
5.86299e-06
5.1809e-06
6.50114e-06
6.38118e-06
5.12277e-06
6.14793e-06
6.5275e-06
5.1938e-06
5.4033e-06
6.49799e-06
5.36783e-06
5.18667e-06
6.28121e-06
5.25586e-06
4.94204e-06
5.92263e-06
5.84361e-06
4.59138e-06
5.60798e-06
5.80757e-06
4.56259e-06
5.36371e-06
5.78576e-06
4.56521e-06
5.13179e-06
5.83382e-06
4.73127e-06
4.9596e-06
5.81558e-06
5.05313e-06
4.55559e-06
5.58848e-06
5.32973e-06
4.33991e-06
5.20539e-06
5.38914e-06
4.28063e-06
4.74305e-06
5.45544e-06
4.49947e-06
4.52533e-06
5.37318e-06
4.53293e-06
4.34952e-06
5.21157e-06
4.5918e-06
4.10826e-06
5.08955e-06
4.63417e-06
3.94068e-06
4.71042e-06
4.89425e-06
3.9882e-06
4.8517e-06
5.09792e-06
4.06464e-06
4.2546e-06
4.88895e-06
4.37523e-06
3.90688e-06
4.58893e-06
4.65728e-06
3.75115e-06
4.30921e-06
4.78256e-06
3.84764e-06
4.23791e-06
4.70796e-06
3.8097e-06
4.06668e-06
4.73256e-06
4.10344e-06
3.88649e-06
4.75878e-06
4.34893e-06
3.70513e-06
4.47185e-06
4.63909e-06
3.72973e-06
4.17491e-06
4.46294e-06
3.5572e-06
3.95621e-06
4.40354e-06
3.64818e-06
3.70854e-06
4.34693e-06
3.65415e-06
3.67058e-06
4.27358e-06
3.57074e-06
3.49125e-06
4.16156e-06
3.66265e-06
3.36782e-06
4.0604e-06
3.57763e-06
3.16798e-06
3.8852e-06
3.76865e-06
3.20234e-06
3.41815e-06
3.86169e-06
3.23908e-06
3.20879e-06
3.78867e-06
3.32401e-06
2.98637e-06
3.67588e-06
3.34052e-06
2.96995e-06
3.60316e-06
3.22428e-06
2.87909e-06
3.51483e-06
3.16215e-06
2.72859e-06
3.25616e-06
3.34997e-06
2.70566e-06
3.20166e-06
3.30768e-06
2.75322e-06
2.97075e-06
3.36394e-06
2.76771e-06
2.87326e-06
3.3316e-06
2.99937e-06
2.62816e-06
3.16212e-06
3.15433e-06
2.65138e-06
2.96305e-06
3.20713e-06
2.6215e-06
2.80802e-06
3.12941e-06
2.51221e-06
2.73474e-06
3.06299e-06
2.62435e-06
2.44648e-06
2.94772e-06
2.86351e-06
2.38866e-06
2.7307e-06
2.95098e-06
2.49436e-06
2.60257e-06
2.91251e-06
2.55714e-06
2.35587e-06
2.82493e-06
2.60112e-06
2.25002e-06
2.67524e-06
2.68194e-06
2.25599e-06
2.42496e-06
2.72398e-06
2.20341e-06
2.37303e-06
2.61673e-06
2.14649e-06
2.27726e-06
2.53963e-06
2.06847e-06
2.17115e-06
2.4795e-06
2.08259e-06
2.08277e-06
2.41192e-06
2.07112e-06
2.02273e-06
2.4006e-06
2.02087e-06
2.03122e-06
2.37163e-06
2.07352e-06
1.88857e-06
2.2444e-06
2.18017e-06
1.80291e-06
2.09343e-06
2.14428e-06
1.77116e-06
1.92848e-06
2.14503e-06
1.88739e-06
1.78868e-06
2.13365e-06
1.95465e-06
1.68473e-06
1.99818e-06
2.08101e-06
1.72646e-06
1.90862e-06
2.09686e-06
1.75238e-06
1.82688e-06
2.07209e-06
1.72024e-06
1.78309e-06
1.99352e-06
1.78463e-06
1.65331e-06
1.94362e-06
1.81193e-06
1.58614e-06
1.90854e-06
1.83596e-06
1.55347e-06
1.80654e-06
1.9011e-06
1.56741e-06
1.79982e-06
1.89477e-06
1.56845e-06
1.73932e-06
1.919e-06
1.63689e-06
1.66484e-06
1.91679e-06
1.73024e-06
1.55345e-06
1.8334e-06
1.85546e-06
1.55257e-06
1.68408e-06
1.8599e-06
1.60988e-06
1.58632e-06
1.85087e-06
1.70883e-06
1.47531e-06
1.76094e-06
1.72998e-06
1.44353e-06
1.64633e-06
1.77678e-06
1.47707e-06
1.55779e-06
1.78601e-06
1.53447e-06
1.53564e-06
1.79997e-06
1.64606e-06
1.38927e-06
1.61775e-06
1.62708e-06
1.32364e-06
1.52854e-06
1.57802e-06
1.29714e-06
1.39074e-06
1.56297e-06
1.28872e-06
1.37939e-06
1.5287e-06
1.35591e-06
1.23892e-06
1.49295e-06
1.35186e-06
1.20634e-06
1.42983e-06
1.34805e-06
1.15536e-06
1.34432e-06
1.36564e-06
1.13796e-06
1.26117e-06
1.3709e-06
1.22846e-06
1.13654e-06
1.34819e-06
1.21018e-06
1.12272e-06
1.34027e-06
1.21921e-06
1.09945e-06
1.30303e-06
1.20265e-06
1.06421e-06
1.26486e-06
1.16631e-06
1.01561e-06
1.15962e-06
1.19101e-06
1.01694e-06
1.10412e-06
1.19788e-06
9.94439e-07
1.09077e-06
1.18455e-06
9.91643e-07
9.88355e-07
1.15347e-06
1.05812e-06
9.52788e-07
1.10903e-06
1.05624e-06
9.25512e-07
1.08171e-06
1.0809e-06
9.19021e-07
1.03976e-06
1.10754e-06
9.48211e-07
9.48025e-07
1.07978e-06
9.25082e-07
8.99407e-07
1.03449e-06
9.98808e-07
8.74456e-07
1.03647e-06
1.00545e-06
8.59586e-07
9.75573e-07
1.02945e-06
8.8707e-07
8.94936e-07
1.0085e-06
9.05801e-07
8.53102e-07
9.95318e-07
9.21907e-07
8.3462e-07
9.60196e-07
9.6445e-07
8.26014e-07
8.81525e-07
9.48083e-07
8.06398e-07
8.19044e-07
9.39028e-07
8.43704e-07
7.95283e-07
9.31255e-07
8.97789e-07
7.96897e-07
8.76926e-07
8.65195e-07
7.44653e-07
8.44993e-07
8.70052e-07
7.50333e-07
8.49202e-07
8.47347e-07
7.40007e-07
8.42405e-07
8.37517e-07
7.36307e-07
7.8551e-07
8.50713e-07
7.6267e-07
7.22849e-07
8.28116e-07
7.80104e-07
7.1779e-07
8.18181e-07
7.67046e-07
7.06674e-07
7.96174e-07
7.56119e-07
6.86559e-07
7.85287e-07
7.62596e-07
6.77349e-07
7.63938e-07
7.55586e-07
6.64481e-07
7.24466e-07
7.63701e-07
6.62773e-07
6.88163e-07
7.56661e-07
6.93542e-07
6.62172e-07
7.37699e-07
7.25529e-07
6.45731e-07
7.14636e-07
7.42047e-07
6.50797e-07
6.78909e-07
7.41531e-07
6.66903e-07
6.47246e-07
7.31741e-07
6.69735e-07
6.29683e-07
7.03778e-07
6.8006e-07
6.12281e-07
6.69722e-07
7.02537e-07
6.19063e-07
6.38733e-07
6.91954e-07
6.51272e-07
5.9798e-07
6.70605e-07
6.6801e-07
5.91714e-07
6.4521e-07
6.63436e-07
5.81162e-07
6.17285e-07
6.62196e-07
5.80888e-07
5.95696e-07
6.5397e-07
5.65676e-07
5.82964e-07
6.4047e-07
5.64846e-07
5.63528e-07
6.29498e-07
5.84698e-07
5.75013e-07
6.24502e-07
5.93922e-07
5.13709e-07
5.75315e-07
5.73748e-07
5.03267e-07
5.44997e-07
5.82905e-07
5.08132e-07
5.23765e-07
5.85425e-07
5.32137e-07
5.00855e-07
5.63477e-07
5.27971e-07
4.87183e-07
5.45417e-07
5.26006e-07
4.79357e-07
5.17489e-07
5.44634e-07
4.90304e-07
4.98517e-07
5.41399e-07
4.76358e-07
4.76616e-07
5.18319e-07
4.89615e-07
4.49496e-07
4.9558e-07
4.81233e-07
4.39542e-07
4.862e-07
4.73767e-07
4.28996e-07
4.7454e-07
4.67085e-07
4.18465e-07
4.56573e-07
4.6697e-07
4.18427e-07
4.5002e-07
4.7163e-07
4.24876e-07
4.16057e-07
4.5291e-07
4.11767e-07
3.93771e-07
4.3992e-07
4.15808e-07
3.78011e-07
4.15431e-07
4.20914e-07
3.73069e-07
4.11438e-07
4.04765e-07
3.68541e-07
4.06259e-07
3.96773e-07
3.60173e-07
3.68616e-07
4.01343e-07
3.57378e-07
3.40496e-07
3.75487e-07
3.63927e-07
3.31679e-07
3.62919e-07
3.59815e-07
3.18976e-07
3.43618e-07
3.53645e-07
3.08053e-07
3.28707e-07
3.44024e-07
3.01253e-07
3.05503e-07
3.34465e-07
3.03877e-07
2.96823e-07
3.28515e-07
3.03223e-07
2.82697e-07
3.11936e-07
2.99286e-07
2.69425e-07
2.93928e-07
2.96065e-07
2.71515e-07
2.92484e-07
3.03598e-07
2.69396e-07
2.64769e-07
2.90274e-07
2.62543e-07
2.44042e-07
2.75783e-07
2.6956e-07
2.41134e-07
2.64499e-07
2.62819e-07
2.30304e-07
2.46643e-07
2.6256e-07
2.37704e-07
2.2472e-07
2.53426e-07
2.45405e-07
2.20591e-07
2.42405e-07
2.50118e-07
2.19332e-07
2.23997e-07
2.43005e-07
2.15176e-07
2.12406e-07
2.34664e-07
2.16028e-07
2.02239e-07
2.28996e-07
2.10565e-07
1.93232e-07
2.17302e-07
2.1132e-07
1.88446e-07
2.09431e-07
2.07456e-07
1.85938e-07
1.97129e-07
2.06122e-07
1.79472e-07
1.83898e-07
1.98773e-07
1.76471e-07
1.79158e-07
1.93063e-07
1.7043e-07
1.70169e-07
1.89876e-07
1.69751e-07
1.61069e-07
1.80262e-07
1.73471e-07
1.57524e-07
1.7636e-07
1.7137e-07
1.55513e-07
1.65439e-07
1.75749e-07
1.58891e-07
1.57897e-07
1.72958e-07
1.55542e-07
1.50799e-07
1.6617e-07
1.59537e-07
1.46851e-07
1.6411e-07
1.55608e-07
1.42821e-07
1.57085e-07
1.56087e-07
1.39076e-07
1.49423e-07
1.57823e-07
1.39396e-07
1.42843e-07
1.58437e-07
1.42722e-07
1.4404e-07
1.55666e-07
1.40542e-07
1.44662e-07
1.5303e-07
1.35271e-07
1.41507e-07
1.52811e-07
1.427e-07
1.44108e-07
1.50456e-07
1.38666e-07
1.31048e-07
1.44679e-07
1.38898e-07
1.26501e-07
1.38135e-07
1.42981e-07
1.30757e-07
1.29832e-07
1.43108e-07
1.36039e-07
1.29931e-07
1.43913e-07
1.31592e-07
1.29713e-07
1.42935e-07
1.38512e-07
1.29875e-07
1.38657e-07
1.41729e-07
1.27981e-07
1.37052e-07
1.43091e-07
1.28645e-07
1.31346e-07
1.42291e-07
1.29481e-07
1.22421e-07
1.3742e-07
1.30892e-07
1.19562e-07
1.35152e-07
1.28642e-07
1.16518e-07
1.28698e-07
1.32173e-07
1.1844e-07
1.20665e-07
1.31623e-07
1.18949e-07
1.15303e-07
1.28918e-07
1.21223e-07
1.12805e-07
1.27523e-07
1.22065e-07
1.10055e-07
1.20296e-07
1.25865e-07
1.11757e-07
1.15823e-07
1.24324e-07
1.16141e-07
1.0938e-07
1.22652e-07
1.16192e-07
1.07625e-07
1.18799e-07
1.17268e-07
1.04942e-07
1.16778e-07
1.15003e-07
1.03921e-07
1.15162e-07
1.14865e-07
1.02643e-07
1.09937e-07
1.14797e-07
1.02137e-07
1.06843e-07
1.13989e-07
1.03063e-07
1.02201e-07
1.11972e-07
1.03427e-07
9.83571e-08
1.07585e-07
1.03694e-07
9.43826e-08
1.03735e-07
1.05453e-07
9.33323e-08
1.0135e-07
1.04097e-07
9.2754e-08
9.65362e-08
1.02925e-07
9.05555e-08
9.19249e-08
1.00323e-07
9.3687e-08
8.76395e-08
9.45558e-08
9.64772e-08
8.79418e-08
9.52924e-08
9.84138e-08
8.79532e-08
8.62369e-08
9.4613e-08
9.09973e-08
8.28689e-08
8.87515e-08
8.83775e-08
7.95571e-08
8.5537e-08
8.9419e-08
8.04876e-08
7.95162e-08
8.70941e-08
7.93856e-08
7.66272e-08
8.28066e-08
7.97318e-08
7.54426e-08
8.25797e-08
7.73351e-08
7.46339e-08
8.18059e-08
7.75582e-08
7.20517e-08
7.83032e-08
7.56021e-08
7.10974e-08
7.48462e-08
7.63464e-08
6.83952e-08
7.20669e-08
7.59498e-08
6.82644e-08
7.25043e-08
7.57559e-08
6.83171e-08
6.75987e-08
7.41388e-08
7.08211e-08
6.49104e-08
7.06436e-08
7.26035e-08
6.62489e-08
6.88297e-08
7.03143e-08
6.38604e-08
6.71017e-08
7.00258e-08
6.41929e-08
6.48905e-08
6.89232e-08
6.34091e-08
6.25678e-08
6.75675e-08
6.23901e-08
6.09673e-08
6.60956e-08
6.19942e-08
6.0079e-08
6.4206e-08
6.27193e-08
5.85263e-08
6.20494e-08
6.35843e-08
5.78228e-08
6.03521e-08
6.33614e-08
5.85667e-08
6.03895e-08
6.36938e-08
5.80688e-08
5.85141e-08
6.21436e-08
5.94527e-08
5.71918e-08
6.16444e-08
5.96702e-08
5.56186e-08
5.90371e-08
6.09729e-08
5.60769e-08
5.58806e-08
6.05506e-08
5.7083e-08
5.38208e-08
5.77487e-08
5.79285e-08
5.29482e-08
5.65762e-08
5.74547e-08
5.20586e-08
5.42395e-08
5.74327e-08
5.28093e-08
5.23106e-08
5.67599e-08
5.44623e-08
5.29738e-08
5.685e-08
5.51552e-08
5.00884e-08
5.26049e-08
5.23498e-08
4.72824e-08
4.95622e-08
5.2092e-08
4.68757e-08
4.75016e-08
5.10683e-08
4.71566e-08
4.68669e-08
4.99649e-08
4.55464e-08
4.55894e-08
4.81912e-08
4.38372e-08
4.27137e-08
4.66622e-08
4.41465e-08
4.16893e-08
4.47707e-08
4.44251e-08
4.04702e-08
4.13316e-08
4.35504e-08
4.03399e-08
3.8796e-08
4.19211e-08
3.93276e-08
3.62489e-08
3.91378e-08
3.92315e-08
3.52573e-08
3.69493e-08
3.87291e-08
3.54482e-08
3.4504e-08
3.74069e-08
3.52391e-08
3.28591e-08
3.59174e-08
3.44805e-08
3.17365e-08
3.46428e-08
3.4125e-08
3.0339e-08
3.27759e-08
3.21388e-08
2.89894e-08
3.17651e-08
3.06029e-08
2.77885e-08
3.02182e-08
3.00255e-08
2.69059e-08
2.87075e-08
2.96537e-08
2.65588e-08
2.74958e-08
2.92158e-08
2.66086e-08
2.60384e-08
2.82595e-08
2.66882e-08
2.45082e-08
2.61641e-08
2.72168e-08
2.42797e-08
2.52211e-08
2.63954e-08
2.35142e-08
2.387e-08
2.58812e-08
2.32844e-08
2.32711e-08
2.41834e-08
2.32867e-08
2.21154e-08
2.43509e-08
2.32118e-08
2.19468e-08
2.39321e-08
2.27904e-08
2.20779e-08
2.44529e-08
2.37146e-08
2.09973e-08
2.23218e-08
2.27043e-08
2.07564e-08
2.08282e-08
2.24657e-08
2.08072e-08
1.95095e-08
2.12492e-08
2.12487e-08
1.93794e-08
2.10607e-08
2.06353e-08
1.89752e-08
2.1085e-08
2.02549e-08
1.81585e-08
1.9781e-08
2.03e-08
1.82083e-08
1.83036e-08
2.00019e-08
1.83263e-08
1.72487e-08
1.91969e-08
1.83322e-08
1.67308e-08
1.81387e-08
1.83782e-08
1.66233e-08
1.75884e-08
1.79507e-08
1.58135e-08
1.68307e-08
1.79087e-08
1.63169e-08
1.56571e-08
1.73695e-08
1.61235e-08
1.52624e-08
1.69608e-08
1.62555e-08
1.46341e-08
1.64525e-08
1.60464e-08
1.42747e-08
1.54168e-08
1.57921e-08
1.4025e-08
1.46212e-08
1.55794e-08
1.37825e-08
1.38967e-08
1.51319e-08
1.41418e-08
1.31294e-08
1.45869e-08
1.36753e-08
1.24481e-08
1.39468e-08
1.376e-08
1.22219e-08
1.26518e-08
1.37815e-08
1.20842e-08
1.18521e-08
1.35583e-08
1.23783e-08
1.13444e-08
1.29418e-08
1.26419e-08
1.10469e-08
1.22425e-08
1.2661e-08
1.08648e-08
1.15084e-08
1.2623e-08
1.09553e-08
1.11415e-08
1.24898e-08
1.09844e-08
1.07237e-08
1.21676e-08
1.11924e-08
1.03611e-08
1.18389e-08
1.15131e-08
1.01847e-08
1.14855e-08
1.18469e-08
1.03974e-08
1.11063e-08
1.18122e-08
1.03639e-08
1.10138e-08
1.19572e-08
1.06408e-08
9.83472e-09
1.12122e-08
1.01296e-08
9.12146e-09
1.06156e-08
1.04158e-08
9.0334e-09
9.88324e-09
1.06419e-08
9.20034e-09
9.05937e-09
1.01548e-08
9.45743e-09
8.52663e-09
9.87122e-09
9.40656e-09
8.36204e-09
9.53835e-09
9.56406e-09
8.28571e-09
9.09481e-09
9.76579e-09
8.18946e-09
9.10117e-09
9.50724e-09
8.08637e-09
8.70879e-09
9.43987e-09
7.87189e-09
8.49138e-09
9.3481e-09
8.3499e-09
7.93806e-09
9.20614e-09
8.62283e-09
7.65387e-09
8.60867e-09
8.88988e-09
7.55195e-09
8.36459e-09
8.90534e-09
7.68218e-09
7.84851e-09
8.79305e-09
7.97954e-09
7.36137e-09
8.54867e-09
8.09939e-09
7.06839e-09
8.18121e-09
8.12524e-09
6.99392e-09
7.23238e-09
8.24236e-09
7.34087e-09
6.94138e-09
8.1321e-09
7.22644e-09
6.73695e-09
7.92165e-09
7.29674e-09
6.48756e-09
7.55219e-09
7.54717e-09
6.36867e-09
7.35271e-09
7.5227e-09
6.41019e-09
7.19161e-09
7.51494e-09
6.4173e-09
6.84846e-09
7.48106e-09
6.25987e-09
6.87345e-09
7.29053e-09
6.38696e-09
6.61815e-09
7.27536e-09
6.42394e-09
5.96846e-09
6.89487e-09
6.35232e-09
5.72818e-09
6.57449e-09
6.40818e-09
5.54991e-09
6.12534e-09
6.52711e-09
5.61289e-09
5.6184e-09
6.37705e-09
5.96003e-09
5.27758e-09
5.97269e-09
6.04876e-09
5.18304e-09
5.51607e-09
5.90649e-09
5.17011e-09
5.16383e-09
5.62604e-09
4.82278e-09
4.72498e-09
5.45248e-09
4.95037e-09
4.52533e-09
5.10673e-09
5.03655e-09
4.36544e-09
4.80719e-09
4.97253e-09
4.23783e-09
4.53485e-09
4.8481e-09
4.17014e-09
4.39599e-09
4.75816e-09
4.27737e-09
4.01249e-09
4.53323e-09
4.13144e-09
3.83657e-09
4.35862e-09
4.01539e-09
3.75143e-09
4.19462e-09
4.04777e-09
3.59195e-09
4.03021e-09
3.93529e-09
3.50188e-09
3.79918e-09
4.00982e-09
3.61211e-09
3.50632e-09
4.0045e-09
3.69985e-09
3.42565e-09
3.77261e-09
3.79079e-09
3.32765e-09
3.6028e-09
3.6993e-09
3.17102e-09
3.40262e-09
3.61496e-09
3.18991e-09
3.33531e-09
3.58894e-09
3.09947e-09
3.19414e-09
3.50318e-09
3.17389e-09
3.11967e-09
3.48464e-09
3.14007e-09
2.95306e-09
3.34851e-09
3.18335e-09
2.84307e-09
3.21549e-09
3.24404e-09
2.8527e-09
3.17869e-09
3.25279e-09
2.84471e-09
3.09579e-09
3.30039e-09
2.95033e-09
3.15704e-09
3.38532e-09
3.04784e-09
2.85572e-09
3.17632e-09
3.14055e-09
2.80574e-09
2.99589e-09
3.17187e-09
2.73106e-09
2.96357e-09
3.10854e-09
2.69586e-09
2.74826e-09
3.11867e-09
2.81429e-09
2.63446e-09
2.97035e-09
2.86737e-09
2.56634e-09
2.79273e-09
2.86954e-09
2.5236e-09
2.58394e-09
2.86053e-09
2.50812e-09
2.50548e-09
2.75692e-09
2.564e-09
2.35225e-09
2.68326e-09
2.52233e-09
2.25093e-09
2.52198e-09
2.57912e-09
2.22274e-09
2.42194e-09
2.54279e-09
2.17631e-09
2.35716e-09
2.49387e-09
2.13934e-09
2.33419e-09
2.43964e-09
2.15318e-09
2.17763e-09
2.36915e-09
2.20837e-09
2.01984e-09
2.28509e-09
2.21633e-09
1.96655e-09
2.12832e-09
2.2099e-09
1.9932e-09
1.99601e-09
2.19408e-09
1.93887e-09
1.92312e-09
2.12776e-09
1.90386e-09
1.80146e-09
2.03472e-09
1.95616e-09
1.73534e-09
1.95096e-09
1.99325e-09
1.74037e-09
1.78919e-09
1.94656e-09
1.70409e-09
1.75599e-09
1.9148e-09
1.67127e-09
1.73747e-09
1.89434e-09
1.65553e-09
1.71842e-09
1.85717e-09
1.62505e-09
1.71287e-09
1.82725e-09
1.62214e-09
1.64085e-09
1.7792e-09
1.63476e-09
1.53342e-09
1.73477e-09
1.72057e-09
1.56548e-09
1.62715e-09
1.69966e-09
1.46739e-09
1.55154e-09
1.68467e-09
1.50978e-09
1.44562e-09
1.61417e-09
1.47211e-09
1.34476e-09
1.53834e-09
1.49594e-09
1.30893e-09
1.44042e-09
1.49876e-09
1.3088e-09
1.34464e-09
1.48892e-09
1.3142e-09
1.26423e-09
1.4688e-09
1.3347e-09
1.24492e-09
1.37156e-09
1.35589e-09
1.1846e-09
1.30215e-09
1.33704e-09
1.15239e-09
1.1947e-09
1.33047e-09
1.1864e-09
1.12799e-09
1.28803e-09
1.22765e-09
1.10132e-09
1.22501e-09
1.24962e-09
1.09194e-09
1.17358e-09
1.24e-09
1.08471e-09
1.12693e-09
1.20958e-09
1.13257e-09
1.03287e-09
1.17068e-09
1.14919e-09
1.01777e-09
1.14387e-09
1.13348e-09
9.87295e-10
1.115e-09
1.11016e-09
9.67879e-10
1.05808e-09
1.10767e-09
9.58696e-10
1.01964e-09
1.08141e-09
9.57211e-10
9.63755e-10
1.07942e-09
9.42831e-10
9.30987e-10
1.04913e-09
9.46946e-10
8.89882e-10
1.0338e-09
9.53976e-10
8.81572e-10
9.82333e-10
9.89784e-10
8.54587e-10
9.47058e-10
9.55935e-10
8.24249e-10
8.95312e-10
9.5757e-10
8.31845e-10
8.63605e-10
9.53446e-10
8.68556e-10
8.22536e-10
9.2123e-10
9.09736e-10
8.0799e-10
8.9851e-10
9.12066e-10
8.23126e-10
8.41579e-10
9.32279e-10
8.16715e-10
8.09292e-10
9.10957e-10
8.40504e-10
8.00185e-10
9.07211e-10
8.32395e-10
7.71901e-10
8.66298e-10
8.60093e-10
7.48134e-10
8.53098e-10
8.87084e-10
7.76928e-10
7.81956e-10
8.55942e-10
7.5036e-10
7.57719e-10
8.47941e-10
7.50817e-10
7.17804e-10
8.35294e-10
7.64015e-10
7.10837e-10
8.1826e-10
7.42631e-10
6.84759e-10
7.86527e-10
7.63723e-10
6.65195e-10
7.49394e-10
7.79621e-10
6.80622e-10
6.80373e-10
7.74317e-10
7.33981e-10
6.42281e-10
7.32223e-10
7.47617e-10
6.4155e-10
6.91618e-10
7.38938e-10
6.31525e-10
6.71498e-10
7.32624e-10
6.20755e-10
6.48629e-10
7.22101e-10
6.28777e-10
6.37047e-10
7.16631e-10
6.07805e-10
6.4205e-10
7.0464e-10
6.19099e-10
5.96953e-10
7.00163e-10
6.57803e-10
5.87864e-10
6.82087e-10
6.58232e-10
5.71765e-10
6.58255e-10
6.45629e-10
5.55458e-10
6.04628e-10
6.48139e-10
5.58502e-10
5.71686e-10
6.36697e-10
5.52178e-10
5.41052e-10
6.11028e-10
5.91731e-10
5.07286e-10
5.70597e-10
6.00203e-10
5.0777e-10
5.54671e-10
5.86928e-10
4.9172e-10
5.25313e-10
5.83043e-10
5.14654e-10
4.85149e-10
5.53541e-10
5.30435e-10
4.60809e-10
5.31996e-10
5.26101e-10
4.43958e-10
4.9539e-10
5.25266e-10
4.40237e-10
4.6143e-10
5.15576e-10
4.59055e-10
4.28986e-10
5.11909e-10
4.68245e-10
4.18278e-10
4.98511e-10
4.8541e-10
4.19208e-10
4.6315e-10
4.92012e-10
4.01324e-10
4.30112e-10
4.77723e-10
3.94899e-10
4.19208e-10
4.66859e-10
3.93503e-10
3.96205e-10
4.5046e-10
4.22438e-10
3.64461e-10
4.26487e-10
4.3828e-10
3.59032e-10
4.0489e-10
4.39118e-10
3.74961e-10
3.67045e-10
4.33489e-10
3.8848e-10
3.45086e-10
4.08219e-10
4.04242e-10
3.38348e-10
3.77454e-10
4.08278e-10
3.47198e-10
3.50219e-10
4.04003e-10
3.57903e-10
3.30813e-10
3.93085e-10
3.56328e-10
3.17174e-10
3.81526e-10
3.54006e-10
3.08641e-10
3.66017e-10
3.58279e-10
2.9773e-10
3.45127e-10
3.55679e-10
2.90737e-10
3.2768e-10
3.55173e-10
3.03629e-10
2.94788e-10
3.46057e-10
3.0929e-10
2.76867e-10
3.35706e-10
3.0855e-10
2.6517e-10
3.01044e-10
3.23871e-10
2.67151e-10
2.89073e-10
3.12822e-10
2.54114e-10
2.67559e-10
3.07155e-10
2.60693e-10
2.61658e-10
3.0306e-10
2.51741e-10
2.63043e-10
2.95886e-10
2.46611e-10
2.47892e-10
2.94276e-10
2.62741e-10
2.34024e-10
2.84338e-10
2.77601e-10
2.31253e-10
2.72574e-10
2.80164e-10
2.31665e-10
2.43888e-10
2.81511e-10
2.39055e-10
2.37173e-10
2.84347e-10
2.6164e-10
2.18946e-10
2.63877e-10
2.55145e-10
2.12199e-10
2.51506e-10
2.56901e-10
2.09676e-10
2.44359e-10
2.58152e-10
2.20457e-10
2.14844e-10
2.57008e-10
2.39679e-10
2.03885e-10
2.42756e-10
2.44885e-10
2.01662e-10
2.31353e-10
2.44322e-10
1.98393e-10
2.20131e-10
2.41781e-10
1.97693e-10
2.09758e-10
2.35747e-10
1.93668e-10
1.90613e-10
2.31028e-10
2.04684e-10
1.82982e-10
2.18376e-10
2.08202e-10
1.72561e-10
2.03819e-10
2.11314e-10
1.72422e-10
1.86247e-10
2.13658e-10
1.75677e-10
1.74205e-10
2.08581e-10
1.8389e-10
1.66793e-10
1.97197e-10
1.94334e-10
1.59504e-10
1.95408e-10
1.9017e-10
1.56524e-10
1.89396e-10
1.88542e-10
1.56887e-10
1.65512e-10
1.92473e-10
1.71802e-10
1.51257e-10
1.88963e-10
1.72787e-10
1.50843e-10
1.86677e-10
1.73105e-10
1.44028e-10
1.70998e-10
1.8449e-10
1.46415e-10
1.59286e-10
1.81721e-10
1.50806e-10
1.46741e-10
1.79281e-10
1.46352e-10
1.51946e-10
1.73412e-10
1.35661e-10
1.50214e-10
1.68427e-10
1.439e-10
1.37556e-10
1.68515e-10
1.38917e-10
1.34232e-10
1.64292e-10
1.4498e-10
1.32768e-10
1.65136e-10
1.58209e-10
1.32635e-10
1.52336e-10
1.5374e-10
1.23107e-10
1.38941e-10
1.54996e-10
1.31173e-10
1.30136e-10
1.53344e-10
1.29414e-10
1.22028e-10
1.49225e-10
1.33416e-10
1.207e-10
1.46328e-10
1.38067e-10
1.16135e-10
1.36157e-10
1.44823e-10
1.15765e-10
1.25791e-10
1.43705e-10
1.20311e-10
1.17821e-10
1.42119e-10
1.25878e-10
1.11239e-10
1.32831e-10
1.33925e-10
1.07359e-10
1.24774e-10
1.33651e-10
1.08135e-10
1.14045e-10
1.30851e-10
1.07455e-10
1.0257e-10
1.25311e-10
1.15434e-10
9.61149e-11
1.14551e-10
1.21597e-10
9.71026e-11
1.0967e-10
1.1904e-10
9.27237e-11
9.75852e-11
1.16879e-10
9.94138e-11
9.16404e-11
1.08291e-10
1.07811e-10
8.71314e-11
1.00967e-10
1.08247e-10
8.64569e-11
9.58473e-11
1.04429e-10
8.19181e-11
9.5424e-11
1.01885e-10
8.21214e-11
8.93706e-11
1.00541e-10
8.05574e-11
8.48734e-11
9.95769e-11
8.13063e-11
8.26006e-11
9.75866e-11
8.47396e-11
7.75328e-11
9.49846e-11
8.90616e-11
7.46979e-11
9.38361e-11
8.98055e-11
7.34698e-11
8.57194e-11
9.45567e-11
7.43877e-11
8.29996e-11
9.36813e-11
7.42799e-11
8.12748e-11
9.22953e-11
7.72676e-11
7.1714e-11
8.95357e-11
8.5198e-11
7.32348e-11
8.68211e-11
9.05183e-11
7.19678e-11
7.72688e-11
8.78782e-11
7.36039e-11
7.26783e-11
8.51548e-11
7.56955e-11
6.69705e-11
8.01408e-11
8.14798e-11
6.48916e-11
7.39801e-11
8.25457e-11
6.72857e-11
6.88515e-11
8.09123e-11
7.25194e-11
6.27651e-11
7.71225e-11
7.22163e-11
5.98569e-11
7.22297e-11
7.25798e-11
5.86342e-11
7.10387e-11
7.05889e-11
5.68646e-11
6.92181e-11
7.02493e-11
5.78685e-11
6.35849e-11
7.17114e-11
5.78603e-11
6.00088e-11
7.13215e-11
5.85297e-11
5.57719e-11
6.88304e-11
6.41835e-11
5.29463e-11
6.11047e-11
6.70625e-11
5.38709e-11
5.49751e-11
6.67208e-11
5.55093e-11
5.649e-11
6.42457e-11
5.46814e-11
5.06157e-11
6.26843e-11
5.72675e-11
4.86894e-11
5.94783e-11
5.79775e-11
4.7845e-11
5.88833e-11
5.68354e-11
4.70311e-11
5.72663e-11
5.70912e-11
4.58875e-11
5.71561e-11
5.37151e-11
4.45192e-11
5.48391e-11
5.39478e-11
4.36964e-11
4.90723e-11
5.53039e-11
4.54614e-11
4.36547e-11
5.37805e-11
4.88502e-11
4.09981e-11
5.02382e-11
5.11531e-11
4.11627e-11
4.78175e-11
5.1776e-11
4.41743e-11
4.15498e-11
5.11405e-11
4.61701e-11
4.00204e-11
4.92987e-11
4.71575e-11
3.9362e-11
4.7736e-11
4.96762e-11
3.98651e-11
4.4377e-11
5.01103e-11
4.07372e-11
4.32264e-11
4.9909e-11
4.18346e-11
4.16104e-11
4.91102e-11
4.4049e-11
3.77565e-11
4.61985e-11
4.49407e-11
3.68287e-11
4.52302e-11
4.41138e-11
3.60081e-11
4.35922e-11
4.4513e-11
3.60214e-11
4.09451e-11
4.419e-11
3.53366e-11
3.85168e-11
4.383e-11
3.58863e-11
3.52764e-11
4.26194e-11
3.58671e-11
3.25996e-11
3.97323e-11
3.99089e-11
3.19113e-11
3.81992e-11
3.9778e-11
3.28432e-11
3.41945e-11
4.05052e-11
3.34237e-11
3.22869e-11
3.86843e-11
3.52925e-11
2.98793e-11
3.79699e-11
3.43238e-11
2.95329e-11
3.53172e-11
3.60055e-11
2.85328e-11
3.27475e-11
3.65621e-11
2.87078e-11
3.0749e-11
3.60593e-11
3.10007e-11
2.78466e-11
3.55599e-11
3.13282e-11
2.81426e-11
3.37502e-11
3.19057e-11
2.62142e-11
3.30288e-11
3.008e-11
2.5037e-11
3.19113e-11
2.92867e-11
2.39937e-11
2.89006e-11
3.05212e-11
2.39713e-11
2.63784e-11
3.02158e-11
2.62212e-11
2.31575e-11
2.87133e-11
2.65689e-11
2.20164e-11
2.66608e-11
2.76581e-11
2.17214e-11
2.43093e-11
2.76333e-11
2.18252e-11
2.29826e-11
2.70614e-11
2.19488e-11
2.1472e-11
2.63115e-11
2.27734e-11
2.00824e-11
2.58127e-11
2.1382e-11
1.93544e-11
2.42717e-11
2.25115e-11
1.88418e-11
2.26984e-11
2.35139e-11
1.81374e-11
2.09885e-11
2.25203e-11
1.76687e-11
1.91356e-11
2.24731e-11
1.73093e-11
1.83895e-11
2.20011e-11
1.71066e-11
1.66036e-11
2.08093e-11
1.90302e-11
1.51694e-11
1.87096e-11
2.01249e-11
1.61727e-11
1.61289e-11
2.04131e-11
1.58193e-11
1.69516e-11
2.01315e-11
1.64938e-11
1.5699e-11
1.97414e-11
1.665e-11
1.45638e-11
1.90308e-11
1.78325e-11
1.38998e-11
1.83531e-11
1.75037e-11
1.3691e-11
1.64476e-11
1.8398e-11
1.40444e-11
1.47471e-11
1.80996e-11
1.5229e-11
1.44256e-11
1.82336e-11
1.47208e-11
1.41358e-11
1.78236e-11
1.46457e-11
1.29256e-11
1.68645e-11
1.63337e-11
1.26588e-11
1.61309e-11
1.66235e-11
1.28225e-11
1.47325e-11
1.70686e-11
1.35777e-11
1.27737e-11
1.6574e-11
1.53503e-11
1.22856e-11
1.49471e-11
1.63046e-11
1.21782e-11
1.40473e-11
1.6215e-11
1.31836e-11
1.23766e-11
1.58949e-11
1.34794e-11
1.18735e-11
1.54094e-11
1.32624e-11
1.14442e-11
1.49197e-11
1.2747e-11
1.08778e-11
1.40428e-11
1.31726e-11
1.03101e-11
1.26576e-11
1.38009e-11
1.0548e-11
1.17969e-11
1.36461e-11
1.05059e-11
1.12691e-11
1.3433e-11
1.02509e-11
1.14494e-11
1.33867e-11
1.11469e-11
9.82159e-12
1.24621e-11
1.13315e-11
9.17872e-12
1.17825e-11
1.16808e-11
8.99676e-12
1.03587e-11
1.23227e-11
9.53778e-12
9.68634e-12
1.2038e-11
1.0237e-11
9.05801e-12
1.17926e-11
1.02406e-11
8.90315e-12
1.14409e-11
1.0404e-11
8.47057e-12
1.11588e-11
1.02657e-11
8.1928e-12
1.06024e-11
1.03938e-11
7.93505e-12
1.0146e-11
1.02945e-11
7.84886e-12
9.3194e-12
1.06679e-11
8.27498e-12
8.36656e-12
1.03463e-11
8.92625e-12
7.52486e-12
9.80351e-12
9.33153e-12
7.25034e-12
9.30091e-12
9.48872e-12
7.13997e-12
8.21329e-12
9.84273e-12
7.49136e-12
7.96396e-12
9.52914e-12
8.40669e-12
6.95032e-12
8.85984e-12
8.86512e-12
6.9039e-12
7.77815e-12
9.23129e-12
7.47382e-12
6.87309e-12
9.02995e-12
8.13834e-12
6.52026e-12
8.32298e-12
8.60137e-12
6.56639e-12
7.94806e-12
8.24307e-12
6.29151e-12
7.12244e-12
8.35617e-12
6.45325e-12
6.88745e-12
8.13901e-12
6.39063e-12
6.74379e-12
7.92402e-12
6.57945e-12
6.08905e-12
7.71437e-12
6.77108e-12
5.80064e-12
7.45209e-12
7.13395e-12
5.64866e-12
7.10633e-12
7.32978e-12
5.54981e-12
6.9721e-12
7.20547e-12
5.50847e-12
6.35176e-12
7.29973e-12
6.18558e-12
5.41573e-12
7.00601e-12
6.83685e-12
5.4114e-12
6.34355e-12
6.97183e-12
5.42189e-12
5.55877e-12
6.98472e-12
5.33679e-12
5.43683e-12
6.75536e-12
5.4391e-12
5.0549e-12
6.54935e-12
5.60903e-12
4.95003e-12
6.46904e-12
5.54962e-12
4.79107e-12
6.21247e-12
5.81822e-12
4.60753e-12
5.61794e-12
6.1739e-12
4.79304e-12
5.19963e-12
6.17048e-12
5.24093e-12
4.60722e-12
6.01907e-12
5.30596e-12
4.52709e-12
5.86434e-12
5.37877e-12
4.35736e-12
5.65923e-12
5.37565e-12
4.22398e-12
5.38266e-12
5.65601e-12
4.471e-12
4.61053e-12
5.5773e-12
4.75165e-12
4.12116e-12
5.25855e-12
5.01224e-12
3.88189e-12
4.79989e-12
5.08199e-12
3.9343e-12
4.36788e-12
5.02886e-12
3.82759e-12
4.13695e-12
4.88918e-12
4.03666e-12
3.63727e-12
4.86649e-12
4.09166e-12
3.72427e-12
4.7154e-12
3.96582e-12
3.48364e-12
4.48951e-12
4.15762e-12
3.28971e-12
4.19561e-12
4.31308e-12
3.34378e-12
3.69078e-12
4.33882e-12
3.48017e-12
3.30908e-12
4.13972e-12
3.5161e-12
3.18705e-12
3.99028e-12
3.62867e-12
2.98015e-12
3.75766e-12
3.83816e-12
2.9317e-12
3.49015e-12
3.87324e-12
2.8753e-12
3.29597e-12
3.80492e-12
3.1218e-12
2.82993e-12
3.7142e-12
3.24226e-12
2.76225e-12
3.53303e-12
3.50623e-12
2.77655e-12
3.21989e-12
3.59474e-12
2.72962e-12
3.01643e-12
3.47337e-12
2.54158e-12
3.07341e-12
3.33319e-12
2.56223e-12
2.68905e-12
3.36984e-12
2.67374e-12
2.57444e-12
3.23944e-12
2.73928e-12
2.40452e-12
3.18283e-12
2.70804e-12
2.2261e-12
3.04228e-12
2.74276e-12
2.23244e-12
2.93922e-12
2.76423e-12
2.1593e-12
2.53198e-12
2.90607e-12
2.37835e-12
2.30747e-12
2.8959e-12
2.2483e-12
2.13572e-12
2.75708e-12
2.50384e-12
1.96743e-12
2.63238e-12
2.55112e-12
1.93074e-12
2.46431e-12
2.63358e-12
1.94381e-12
2.26428e-12
2.66065e-12
1.97628e-12
2.05684e-12
2.59199e-12
2.14244e-12
1.89913e-12
2.52408e-12
2.13928e-12
1.79512e-12
2.34234e-12
2.35091e-12
1.74998e-12
2.15402e-12
2.37408e-12
1.81469e-12
1.79439e-12
2.36043e-12
1.91251e-12
1.73473e-12
2.25482e-12
2.02262e-12
1.62779e-12
2.17484e-12
1.99085e-12
1.54018e-12
1.89837e-12
2.15386e-12
1.62778e-12
1.73591e-12
2.11739e-12
1.79656e-12
1.50863e-12
1.97909e-12
1.91348e-12
1.43082e-12
1.95711e-12
1.81987e-12
1.40152e-12
1.91988e-12
1.79212e-12
1.36704e-12
1.80205e-12
1.9116e-12
1.4607e-12
1.58687e-12
1.9417e-12
1.48091e-12
1.48585e-12
1.94441e-12
1.66421e-12
1.41659e-12
1.81486e-12
1.76606e-12
1.3087e-12
1.69847e-12
1.77437e-12
1.28638e-12
1.61354e-12
1.75447e-12
1.28311e-12
1.51312e-12
1.75293e-12
1.25631e-12
1.49038e-12
1.70614e-12
1.39124e-12
1.22129e-12
1.62847e-12
1.56857e-12
1.1854e-12
1.57096e-12
1.54992e-12
1.16084e-12
1.47233e-12
1.57017e-12
1.17685e-12
1.24241e-12
1.58754e-12
1.28128e-12
1.13192e-12
1.4897e-12
1.39635e-12
1.06318e-12
1.37923e-12
1.45851e-12
1.04724e-12
1.35573e-12
1.43965e-12
1.02319e-12
1.28922e-12
1.44088e-12
1.05938e-12
1.16686e-12
1.44005e-12
1.13218e-12
1.02372e-12
1.40998e-12
1.20009e-12
1.01142e-12
1.36093e-12
1.20242e-12
9.4143e-13
1.29304e-12
1.24302e-12
9.27316e-13
1.17836e-12
1.31132e-12
9.6091e-13
1.02841e-12
1.25734e-12
1.08497e-12
9.22842e-13
1.25077e-12
1.05112e-12
8.50203e-13
1.16942e-12
1.10553e-12
8.35536e-13
1.02316e-12
1.1618e-12
8.34663e-13
9.28662e-13
1.1495e-12
8.77555e-13
8.79748e-13
1.11205e-12
9.24437e-13
7.84595e-13
1.07589e-12
9.5927e-13
7.59386e-13
9.74408e-13
1.03391e-12
7.6722e-13
9.1295e-13
1.03621e-12
7.71919e-13
8.31445e-13
1.0207e-12
8.18357e-13
7.35979e-13
9.82666e-13
9.02327e-13
6.84517e-13
8.96749e-13
9.53943e-13
7.27177e-13
7.84732e-13
9.69166e-13
7.35775e-13
6.85825e-13
9.28243e-13
8.07232e-13
6.38705e-13
8.30732e-13
8.81649e-13
6.33525e-13
8.19032e-13
8.76974e-13
6.16624e-13
8.06505e-13
8.48012e-13
6.16672e-13
7.43957e-13
8.45143e-13
5.91986e-13
7.33545e-13
8.12985e-13
6.33177e-13
6.26634e-13
8.18426e-13
6.64416e-13
6.01628e-13
7.89282e-13
6.53699e-13
5.97046e-13
7.73593e-13
6.07077e-13
5.75258e-13
7.55428e-13
5.7246e-13
5.4935e-13
7.25498e-13
6.21492e-13
5.00575e-13
6.88795e-13
6.64959e-13
4.95078e-13
5.77455e-13
6.93485e-13
5.53728e-13
5.18274e-13
6.68441e-13
6.1959e-13
4.68969e-13
6.35563e-13
6.29441e-13
4.57022e-13
6.41517e-13
5.90716e-13
4.47486e-13
5.62902e-13
6.38646e-13
4.7647e-13
5.17398e-13
6.244e-13
4.73461e-13
4.69751e-13
6.1066e-13
5.15133e-13
4.34458e-13
5.89515e-13
5.38466e-13
4.14671e-13
5.40923e-13
5.78205e-13
4.1927e-13
5.05907e-13
5.78205e-13
4.16641e-13
4.8939e-13
5.66425e-13
4.41923e-13
4.41044e-13
5.5541e-13
4.53497e-13
4.08971e-13
5.35994e-13
4.54958e-13
3.70401e-13
4.79924e-13
5.11626e-13
3.78702e-13
4.20968e-13
5.07298e-13
4.12661e-13
3.53775e-13
4.78093e-13
4.34416e-13
3.46709e-13
4.75771e-13
4.03714e-13
3.3017e-13
4.46985e-13
4.28082e-13
3.19776e-13
4.17289e-13
4.39387e-13
3.19008e-13
3.77691e-13
4.43966e-13
3.4316e-13
3.26627e-13
4.29847e-13
3.74009e-13
3.01194e-13
4.15907e-13
3.75976e-13
2.92793e-13
4.03858e-13
3.76526e-13
2.8172e-13
3.78618e-13
3.93953e-13
2.95217e-13
3.20171e-13
4.05457e-13
3.1177e-13
3.13588e-13
3.94853e-13
3.26379e-13
2.75178e-13
3.62871e-13
3.69511e-13
2.68819e-13
3.08951e-13
3.76309e-13
3.05164e-13
2.62539e-13
3.59279e-13
3.291e-13
2.45307e-13
3.32948e-13
3.39057e-13
2.39055e-13
3.13781e-13
3.42726e-13
2.43869e-13
2.89009e-13
3.38517e-13
2.48551e-13
2.49794e-13
3.27091e-13
2.71716e-13
2.29244e-13
3.19305e-13
2.63084e-13
2.18534e-13
3.03102e-13
2.74038e-13
2.09159e-13
2.90072e-13
2.78519e-13
2.04853e-13
2.81768e-13
2.86932e-13
2.02437e-13
2.71562e-13
2.978e-13
2.16603e-13
2.38203e-13
2.95511e-13
2.33201e-13
2.05274e-13
2.72477e-13
2.71632e-13
1.91811e-13
2.55098e-13
2.68203e-13
1.86367e-13
2.44277e-13
2.70467e-13
2.03616e-13
2.06822e-13
2.70387e-13
2.04167e-13
1.99559e-13
2.6455e-13
2.14185e-13
1.77526e-13
2.42682e-13
2.43338e-13
1.6936e-13
2.23473e-13
2.47093e-13
1.71493e-13
2.05467e-13
2.41877e-13
1.90127e-13
1.74849e-13
2.40788e-13
1.98054e-13
1.63556e-13
2.27536e-13
2.09368e-13
1.5236e-13
2.02647e-13
2.23647e-13
1.5091e-13
2.07072e-13
2.08633e-13
1.4433e-13
1.96838e-13
2.14273e-13
1.60407e-13
1.65622e-13
2.13596e-13
1.82436e-13
1.39452e-13
1.89516e-13
2.03962e-13
1.41561e-13
1.71122e-13
2.04874e-13
1.48478e-13
1.52247e-13
2.02519e-13
1.55596e-13
1.44196e-13
1.94101e-13
1.66804e-13
1.33014e-13
1.91897e-13
1.57751e-13
1.32476e-13
1.84792e-13
1.65399e-13
1.24757e-13
1.76886e-13
1.67858e-13
1.19808e-13
1.61016e-13
1.75469e-13
1.21295e-13
1.49435e-13
1.74413e-13
1.3244e-13
1.34085e-13
1.72e-13
1.30819e-13
1.2569e-13
1.63635e-13
1.52251e-13
1.11899e-13
1.61798e-13
1.53053e-13
1.09865e-13
1.38946e-13
1.62471e-13
1.26504e-13
1.20692e-13
1.62811e-13
1.24763e-13
1.18911e-13
1.55293e-13
1.40125e-13
1.02763e-13
1.48367e-13
1.39195e-13
1.02728e-13
1.48605e-13
1.31955e-13
1.00534e-13
1.37805e-13
1.40168e-13
9.8399e-14
1.2608e-13
1.44329e-13
1.07063e-13
1.08732e-13
1.41174e-13
1.16084e-13
9.71848e-14
1.32899e-13
1.26437e-13
9.14122e-14
1.18249e-13
1.34784e-13
9.34013e-14
1.21281e-13
1.32488e-13
1.02039e-13
1.02624e-13
1.33867e-13
1.07288e-13
9.78535e-14
1.29218e-13
1.11222e-13
8.78339e-14
1.19792e-13
1.23913e-13
8.96048e-14
1.05222e-13
1.25963e-13
8.75506e-14
1.04146e-13
1.22152e-13
9.29572e-14
8.85159e-14
1.19167e-13
1.05843e-13
8.01414e-14
1.17123e-13
1.04074e-13
7.95881e-14
1.13321e-13
1.04359e-13
7.81795e-14
1.08843e-13
1.08881e-13
7.85208e-14
9.36133e-14
1.12751e-13
8.26934e-14
8.92556e-14
1.11307e-13
8.53747e-14
8.08938e-14
1.08772e-13
8.76817e-14
7.45464e-14
1.04498e-13
9.03019e-14
7.02803e-14
9.55355e-14
9.76103e-14
6.79865e-14
9.34806e-14
9.49367e-14
7.14765e-14
7.53316e-14
9.85381e-14
8.04047e-14
6.7472e-14
9.45879e-14
8.1771e-14
6.76038e-14
9.528e-14
7.76373e-14
6.64936e-14
8.93412e-14
8.58229e-14
6.23343e-14
7.96698e-14
8.78009e-14
6.05749e-14
7.78141e-14
8.58962e-14
6.4296e-14
6.8529e-14
8.64908e-14
7.08027e-14
5.86336e-14
8.31093e-14
7.1684e-14
5.58306e-14
7.73413e-14
7.69389e-14
5.44849e-14
6.81828e-14
7.99996e-14
5.69657e-14
6.28389e-14
7.78311e-14
6.12709e-14
5.61153e-14
7.55197e-14
6.38163e-14
5.22046e-14
7.34187e-14
6.60352e-14
4.96209e-14
6.3635e-14
7.09646e-14
5.37852e-14
5.28606e-14
6.99691e-14
5.61647e-14
4.76111e-14
6.32055e-14
6.23711e-14
4.46837e-14
5.95337e-14
6.24491e-14
4.46711e-14
5.4023e-14
6.13968e-14
4.41251e-14
5.12347e-14
5.86956e-14
4.36497e-14
4.70305e-14
5.70398e-14
4.12115e-14
4.65585e-14
5.38161e-14
3.8976e-14
3.92087e-14
5.22638e-14
4.30761e-14
3.79562e-14
5.01203e-14
4.28055e-14
3.52733e-14
4.67411e-14
4.47715e-14
3.31895e-14
4.35929e-14
4.50878e-14
3.22267e-14
3.92979e-14
4.52555e-14
3.63896e-14
3.24434e-14
4.38235e-14
3.79762e-14
3.08996e-14
4.13734e-14
3.84869e-14
2.885e-14
3.69428e-14
3.9792e-14
2.89997e-14
3.43558e-14
3.91561e-14
2.90141e-14
3.01144e-14
3.84866e-14
3.17596e-14
2.77574e-14
3.68757e-14
3.22703e-14
2.55887e-14
3.49613e-14
3.3685e-14
2.50385e-14
3.11172e-14
3.4898e-14
2.58563e-14
2.75211e-14
3.39803e-14
2.88578e-14
2.38471e-14
3.13124e-14
3.03918e-14
2.22014e-14
2.94494e-14
3.04676e-14
2.2133e-14
2.57853e-14
3.08186e-14
2.41472e-14
2.29268e-14
2.97605e-14
2.51522e-14
2.10238e-14
2.74803e-14
2.84927e-14
2.06784e-14
2.62166e-14
2.7741e-14
2.03125e-14
2.45956e-14
2.76239e-14
2.02141e-14
2.36421e-14
2.73166e-14
2.02708e-14
2.23312e-14
2.71218e-14
2.1503e-14
1.95906e-14
2.6125e-14
2.32623e-14
1.8951e-14
2.48205e-14
2.39973e-14
1.81236e-14
2.42506e-14
2.41808e-14
1.81927e-14
2.34718e-14
2.41992e-14
1.77993e-14
2.34909e-14
2.4069e-14
1.77471e-14
2.16428e-14
2.44838e-14
1.81089e-14
2.00463e-14
2.38436e-14
2.01411e-14
1.70928e-14
2.26574e-14
2.2464e-14
1.71585e-14
2.06065e-14
2.31252e-14
1.65225e-14
1.90356e-14
2.33651e-14
1.87534e-14
1.66516e-14
2.26117e-14
2.0898e-14
1.60655e-14
2.11087e-14
2.18279e-14
1.57703e-14
1.93912e-14
2.21781e-14
1.72595e-14
1.65449e-14
2.1933e-14
1.7286e-14
1.67031e-14
2.13304e-14
1.75941e-14
1.48988e-14
2.0321e-14
1.91112e-14
1.48878e-14
2.03783e-14
1.88295e-14
1.44004e-14
1.97198e-14
1.90421e-14
1.42138e-14
1.75884e-14
2.03781e-14
1.49897e-14
1.61797e-14
2.0579e-14
1.63874e-14
1.50944e-14
1.96483e-14
1.83663e-14
1.3689e-14
1.69257e-14
1.95192e-14
1.48545e-14
1.52088e-14
1.89495e-14
1.41127e-14
1.48909e-14
1.83136e-14
1.45458e-14
1.31836e-14
1.75427e-14
1.49186e-14
1.22049e-14
1.64796e-14
1.5453e-14
1.13811e-14
1.57637e-14
1.52275e-14
1.1235e-14
1.45207e-14
1.49143e-14
1.05755e-14
1.336e-14
1.49812e-14
1.1313e-14
1.11169e-14
1.47268e-14
1.2063e-14
1.03868e-14
1.36346e-14
1.33729e-14
9.5609e-15
1.29026e-14
1.33114e-14
9.32534e-15
1.27377e-14
1.25563e-14
8.99451e-15
1.1572e-14
1.27924e-14
1.02801e-14
9.85574e-15
1.27853e-14
1.02142e-14
8.70272e-15
1.19583e-14
1.11004e-14
8.07607e-15
1.09083e-14
1.14985e-14
7.9719e-15
1.03272e-14
1.14448e-14
8.10529e-15
9.44748e-15
1.1501e-14
8.27101e-15
8.10581e-15
1.12087e-14
9.38086e-15
7.94838e-15
1.1031e-14
9.19797e-15
7.40365e-15
1.03201e-14
1.00282e-14
7.27662e-15
9.84238e-15
1.02142e-14
7.35478e-15
8.95126e-15
1.03068e-14
7.6396e-15
7.72345e-15
1.01997e-14
8.36406e-15
7.3208e-15
9.70687e-15
9.00224e-15
6.6308e-15
9.10046e-15
9.28289e-15
7.12112e-15
7.36072e-15
9.61433e-15
7.25399e-15
7.05485e-15
9.33699e-15
7.90547e-15
6.61802e-15
8.71808e-15
8.41619e-15
6.16954e-15
8.05154e-15
8.90058e-15
6.57924e-15
7.1946e-15
8.88869e-15
6.22087e-15
7.11853e-15
8.59353e-15
6.35339e-15
6.843e-15
8.43567e-15
6.13023e-15
6.44584e-15
8.17964e-15
6.76769e-15
5.99357e-15
8.17002e-15
6.50036e-15
5.80923e-15
7.82466e-15
6.85381e-15
5.4305e-15
7.47845e-15
7.23603e-15
5.40234e-15
6.69961e-15
7.48677e-15
5.64931e-15
5.94079e-15
7.38249e-15
6.58405e-15
5.12577e-15
6.92939e-15
6.90667e-15
5.02646e-15
6.56353e-15
6.99834e-15
5.30512e-15
5.57746e-15
6.96727e-15
5.51749e-15
5.32548e-15
6.70994e-15
5.20984e-15
4.91582e-15
6.51739e-15
5.19611e-15
4.57539e-15
6.17013e-15
5.23451e-15
4.25759e-15
5.84987e-15
5.37773e-15
4.03002e-15
5.33544e-15
5.54308e-15
4.09733e-15
4.65994e-15
5.78501e-15
4.36722e-15
4.14048e-15
5.51749e-15
4.96983e-15
3.80711e-15
5.21205e-15
4.92626e-15
3.66708e-15
5.01946e-15
4.83641e-15
3.553e-15
4.33038e-15
5.02359e-15
3.93577e-15
3.48122e-15
4.75737e-15
4.50866e-15
3.29214e-15
4.42956e-15
4.6325e-15
3.42633e-15
4.0251e-15
4.62864e-15
3.42286e-15
3.65886e-15
4.57349e-15
3.53767e-15
3.38224e-15
4.47678e-15
3.57591e-15
3.19569e-15
4.16801e-15
3.85936e-15
2.87863e-15
3.7446e-15
3.98e-15
2.83163e-15
3.46041e-15
3.89027e-15
2.79073e-15
3.30677e-15
3.78756e-15
2.67541e-15
3.28801e-15
3.62201e-15
2.8197e-15
2.8066e-15
3.57932e-15
3.09022e-15
2.49995e-15
3.43629e-15
3.15686e-15
2.37118e-15
3.1671e-15
3.31551e-15
2.5783e-15
2.54699e-15
3.38463e-15
2.57905e-15
2.59149e-15
3.15622e-15
2.56432e-15
2.2962e-15
3.1119e-15
2.55545e-15
2.10427e-15
2.80354e-15
2.84848e-15
2.03495e-15
2.65492e-15
2.76161e-15
1.98363e-15
2.56236e-15
2.78248e-15
1.99661e-15
2.30716e-15
2.72755e-15
2.19432e-15
2.01754e-15
2.64935e-15
2.04239e-15
1.93873e-15
2.51485e-15
2.09156e-15
1.75967e-15
2.39094e-15
2.13485e-15
1.64913e-15
2.30849e-15
1.99772e-15
1.5236e-15
2.02427e-15
2.14878e-15
1.55878e-15
1.68785e-15
2.138e-15
1.7825e-15
1.48485e-15
1.96557e-15
1.88143e-15
1.36299e-15
1.78761e-15
1.8831e-15
1.31229e-15
1.62797e-15
1.85959e-15
1.35452e-15
1.4387e-15
1.80269e-15
1.37615e-15
1.29212e-15
1.71678e-15
1.48741e-15
1.16487e-15
1.61884e-15
1.4711e-15
1.10561e-15
1.52697e-15
1.4974e-15
1.15392e-15
1.3379e-15
1.54357e-15
1.10671e-15
1.24081e-15
1.49845e-15
1.16963e-15
1.07453e-15
1.43347e-15
1.2512e-15
9.77377e-16
1.31614e-15
1.29017e-15
9.41418e-16
1.1176e-15
1.32375e-15
9.61584e-16
1.05801e-15
1.24892e-15
1.02875e-15
8.72812e-16
1.14406e-15
1.15801e-15
8.48401e-16
1.04632e-15
1.1655e-15
8.45615e-16
1.00948e-15
1.15567e-15
8.79581e-16
9.60607e-16
1.12788e-15
8.06494e-16
9.79035e-16
1.08903e-15
8.00912e-16
9.24641e-16
1.0687e-15
7.60373e-16
9.4698e-16
9.99525e-16
7.21771e-16
9.39455e-16
9.6283e-16
7.3764e-16
8.17129e-16
9.8491e-16
7.70532e-16
7.57977e-16
9.60803e-16
7.57362e-16
6.91945e-16
9.22257e-16
8.30115e-16
6.48592e-16
8.29573e-16
9.01883e-16
7.08599e-16
7.11074e-16
8.98825e-16
7.91472e-16
6.62456e-16
8.78347e-16
8.14702e-16
6.28904e-16
8.31141e-16
8.4159e-16
6.16937e-16
7.91499e-16
8.4129e-16
6.44635e-16
6.75486e-16
8.64869e-16
7.06286e-16
6.22258e-16
8.11135e-16
7.78581e-16
5.93673e-16
7.60602e-16
8.06802e-16
6.06049e-16
7.31559e-16
8.05566e-16
6.43369e-16
6.29109e-16
8.01212e-16
6.84677e-16
5.67533e-16
7.56583e-16
7.43189e-16
5.57059e-16
7.11323e-16
7.70738e-16
5.80466e-16
6.69233e-16
7.92427e-16
5.96653e-16
6.62555e-16
7.99737e-16
6.67505e-16
6.00287e-16
7.71371e-16
7.28197e-16
5.78842e-16
6.72737e-16
7.85021e-16
6.06847e-16
6.2798e-16
7.71667e-16
6.19956e-16
5.97996e-16
7.61511e-16
6.25949e-16
5.64937e-16
7.42213e-16
6.23816e-16
5.71433e-16
7.22773e-16
6.25502e-16
5.34378e-16
7.00418e-16
6.20791e-16
5.13981e-16
6.71637e-16
6.42739e-16
4.9956e-16
6.42905e-16
6.31975e-16
4.85454e-16
5.86247e-16
6.43798e-16
4.9936e-16
5.47864e-16
6.3343e-16
5.26583e-16
4.75282e-16
6.01601e-16
5.76497e-16
4.45988e-16
5.72824e-16
5.87049e-16
4.45797e-16
4.7711e-16
5.93227e-16
5.00981e-16
4.43266e-16
5.68863e-16
5.15952e-16
4.15033e-16
5.37903e-16
5.32296e-16
4.0688e-16
5.02449e-16
5.46916e-16
4.11122e-16
4.64067e-16
5.29349e-16
4.0701e-16
4.12494e-16
5.26583e-16
4.44535e-16
3.76788e-16
4.9792e-16
4.74933e-16
3.67837e-16
4.58623e-16
4.85369e-16
3.66744e-16
4.38664e-16
4.78565e-16
3.55062e-16
4.28555e-16
4.63068e-16
3.41214e-16
4.03897e-16
4.49777e-16
3.56987e-16
3.52465e-16
4.37283e-16
3.86171e-16
3.29527e-16
4.28332e-16
3.90568e-16
3.1637e-16
3.86176e-16
4.23416e-16
3.43961e-16
3.5096e-16
4.27952e-16
3.47469e-16
3.4459e-16
4.29099e-16
3.8923e-16
3.13958e-16
3.96366e-16
3.90024e-16
3.0119e-16
3.83361e-16
3.94258e-16
3.01875e-16
3.64324e-16
3.90492e-16
2.92191e-16
3.45677e-16
3.86662e-16
3.21143e-16
3.05179e-16
3.88298e-16
3.20839e-16
2.93074e-16
3.65936e-16
3.3861e-16
2.74935e-16
3.59526e-16
3.37339e-16
2.68824e-16
3.52699e-16
3.21488e-16
2.67946e-16
3.517e-16
3.05427e-16
2.52266e-16
3.12221e-16
3.32011e-16
2.62989e-16
2.81324e-16
3.34082e-16
2.74138e-16
2.49524e-16
3.22048e-16
2.89129e-16
2.37262e-16
2.99097e-16
3.05635e-16
2.3655e-16
2.64532e-16
3.09204e-16
2.47305e-16
2.46145e-16
3.03705e-16
2.53986e-16
2.33163e-16
2.96765e-16
2.49908e-16
2.35901e-16
2.88121e-16
2.49987e-16
2.14205e-16
