1100.44 9.92665e+09 9.92665e+09 9.92665e+09
1100.75 9.92665e+09 8.90862e+08 4.97306e+09
1101.06 6.55217e+09 8.90862e+08 6.58922e+09
1101.37 6.55217e+09 3.64466e+08 8.6704e+09
1101.68 6.55217e+09 1.95515e+08 8.6704e+09
1101.97 5.75341e+09 1.95515e+08 8.6704e+09
1102.27 5.75341e+09 1.95515e+08 8.6704e+09
1102.55 3.5822e+09 1.95515e+08 8.6704e+09
1102.87 3.30133e+09 1.95515e+08 8.6704e+09
1102.87 3.30133e+09 1.95515e+08 8.6704e+09
1102.87 3.30133e+09 1.95515e+08 8.6704e+09
1103.13 3.30133e+09 1.95515e+08 8.6704e+09
1103.45 3.30133e+09 1.44458e+08 8.6704e+09
1103.61 3.30002e+09 1.44458e+08 8.6704e+09
1103.83 1.60864e+09 1.44458e+08 8.6704e+09
1103.83 1.60864e+09 8.17405e+07 8.6704e+09
1103.83 1.60864e+09 8.17405e+07 8.6704e+09
1104.1 1.60864e+09 8.17405e+07 8.6704e+09
1104.35 1.60864e+09 8.17405e+07 8.6704e+09
1104.66 1.60864e+09 8.17405e+07 8.6704e+09
1104.87 1.60864e+09 8.17405e+07 8.6704e+09
1105.19 1.60864e+09 8.17405e+07 8.6704e+09
1105.42 1.60864e+09 8.17405e+07 8.6704e+09
1105.74 1.46554e+09 8.17405e+07 8.6704e+09
1106.07 1.46554e+09 6.38046e+07 8.6704e+09
1106.36 1.46554e+09 6.38046e+07 8.6704e+09
1106.36 1.46328e+09 6.38046e+07 8.6704e+09
1106.45 1.24854e+09 6.38046e+07 8.6704e+09
1106.78 1.24854e+09 6.38046e+07 8.6704e+09
1106.83 1.24854e+09 6.38046e+07 8.6704e+09
1107.15 1.24854e+09 6.3735e+07 8.6704e+09
1107.49 1.0667e+09 6.3735e+07 8.6704e+09
1107.82 1.0667e+09 6.04541e+07 8.6704e+09
1108.13 1.0667e+09 5.36338e+07 8.6704e+09
1108.47 1.0667e+09 5.36338e+07 8.6704e+09
1108.79 1.0667e+09 5.36338e+07 8.6704e+09
1109.01 1.05169e+09 5.36338e+07 8.6704e+09
1109.22 1.05114e+09 5.36338e+07 8.6704e+09
1109.44 9.84808e+08 5.36338e+07 8.6704e+09
1109.44 9.8154e+08 5.36338e+07 8.6704e+09
1109.46 8.93024e+08 5.36338e+07 8.6704e+09
