4 27 1.2405e+01 1.2733e+01 0.0000e+00 3.2999e+01 3.2999e+01 2.0594e+01 7.8614e+00
8 20 8.1311e+00 7.9046e+00 0.0000e+00 2.4542e+01 2.4542e+01 1.6637e+01 8.5061e+00
16 9 4.6881e+00 4.8056e+00 0.0000e+00 1.9960e+01 1.9960e+01 1.5272e+01 1.0466e+01
32 9 6.2926e+00 6.3593e+00 0.0000e+00 3.5587e+01 3.5587e+01 2.9294e+01 2.2935e+01
64 9 1.0351e+01 1.0567e+01 0.0000e+00 9.3375e+01 9.3375e+01 8.3024e+01 7.2457e+01
5 24 9.3174e+00 9.0238e+00 0.0000e+00 2.5977e+01 2.5977e+01 1.6953e+01 7.6355e+00
6 22 1.0050e+01 9.9019e+00 0.0000e+00 2.7543e+01 2.7543e+01 1.7641e+01 7.5911e+00
7 24 1.0748e+01 1.0476e+01 0.0000e+00 2.9923e+01 2.9923e+01 1.9447e+01 8.6991e+00
12 9 5.1953e+00 5.1077e+00 0.0000e+00 1.9483e+01 1.9483e+01 1.4375e+01 9.1801e+00
20 9 4.6322e+00 4.8085e+00 0.0000e+00 2.2408e+01 2.2408e+01 1.7775e+01 1.2967e+01
24 9 5.4210e+00 5.4970e+00 0.0000e+00 2.7131e+01 2.7131e+01 2.1710e+01 1.6213e+01
28 9 5.7201e+00 5.8063e+00 0.0000e+00 3.0778e+01 3.0778e+01 2.5058e+01 1.9252e+01
